testing_code/fall_2022/sample_topo2_bedrock__elevation.txt
ncols 100
nrows 100
xllcorner 0.0
yllcorner 0.0
cellsize 10.0
[rows 17 to 33 of 100, columns 37 to 73 of 100]
5.820342777060626531e+02 5.820519187355341728e+02 5.820323729453572241e+02 5.820999739765695722e+02 5.820328333452833931e+02 5.820174571185801824e+02 5.820682805605042631e+02 5.820532673502571015e+02 5.820416125284352802e+02 5.820592018849237093e+02 5.820879744282470938e+02 5.820271722119121023e+02 5.820876383158292811e+02 5.820336791085403547e+02 5.820005899268589928e+02 5.820287860676968421e+02 5.820770756930432981e+02 5.820550963959344699e+02 5.820622831341596566e+02 5.820177435498900422e+02 5.820195216620317069e+02 5.820405276456898491e+02 5.820677017456164322e+02 5.820424638079464330e+02 5.820771620051365289e+02 5.820254337934659361e+02 5.820354011830617083e+02 5.820631566362586682e+02 5.820706176813737329e+02 5.820441339070374624e+02 5.820237876670511241e+02 5.820182040020712293e+02 5.820564345517203719e+02 5.820253899625827216e+02 5.820151842203981687e+02 5.820625456501845747e+02 5.820954198006156730e+02
5.810295948678119657e+02 5.810582697165382342e+02 5.810413171152155201e+02 5.810918264659642318e+02 5.810885332134703276e+02 5.810687025509142813e+02 5.810027475770025376e+02 5.810887552936529801e+02 5.810706336830187411e+02 5.810168570537111918e+02 5.810604377554913071e+02 5.810994977126407548e+02 5.810612627829526673e+02 5.810841515315603374e+02 5.810712584737941597e+02 5.810654263705100675e+02 5.810387201426372030e+02 5.810925454400783110e+02 5.810519822793410185e+02 5.810811850953311932e+02 5.810375765825249346e+02 5.810483821344757871e+02 5.810432000473125527e+02 5.810095646832764942e+02 5.810388569460467352e+02 5.810958164035615710e+02 5.810569721872625450e+02 5.810099670204202766e+02 5.810483554435370479e+02 5.810371415347589164e+02 5.810594078239807914e+02 5.810695716019298516e+02 5.810674028297358973e+02 5.810790393907894895e+02 5.810922198619441588e+02 5.810329270261928514e+02 5.810551627830418511e+02
5.800579439208230497e+02 5.800781084775395584e+02 5.800365044574358535e+02 5.800448916581824506e+02 5.800373185894684411e+02 5.800371364129364338e+02 5.800466438457193590e+02 5.800435341384583126e+02 5.800297237441546940e+02 5.800207383194306203e+02 5.800984851442092349e+02 5.800360495921339634e+02 5.800915725479690082e+02 5.800085051220449941e+02 5.800419196710387268e+02 5.800986625864602502e+02 5.800690239665912031e+02 5.800911064852364234e+02 5.800149291322516092e+02 5.800964839994832118e+02 5.800367752967621300e+02 5.800537989513597950e+02 5.800289045531321790e+02 5.800529522649269438e+02 5.800530644236100670e+02 5.800331019517864206e+02 5.800997945730489391e+02 5.800841196165520159e+02 5.800992700649738936e+02 5.800006625551536672e+02 5.800961197240065985e+02 5.800113618495204264e+02 5.800037203951834499e+02 5.800670650331577463e+02 5.800111301232793721e+02 5.800687468674323100e+02 5.800203299963077370e+02
5.790828895267737835e+02 5.790391418932910028e+02 5.790680305567194637e+02 5.790316582987372840e+02 5.790076727479352030e+02 5.790267438698780325e+02 5.790608931632812073e+02 5.790794716732224288e+02 5.790508871037219478e+02 5.790674799337174363e+02 5.790680059267834849e+02 5.790034461219497643e+02 5.790689373796614063e+02 5.790930880653987742e+02 5.790211117382292514e+02 5.790555577767407840e+02 5.790107484086698832e+02 5.790305797623116177e+02 5.790447333381373483e+02 5.790353784083413302e+02 5.790065363586134026e+02 5.790682784624350461e+02 5.790834416313729207e+02 5.790085150910060747e+02 5.790195679146025896e+02 5.790546943336072445e+02 5.790303447729028221e+02 5.790864366467064883e+02 5.790473383320272660e+02 5.790824603399814805e+02 5.790174834492637501e+02 5.790509182935892341e+02 5.790586303782210962e+02 5.790665221561316685e+02 5.790611555864770708e+02 5.790258132712187944e+02 5.790561461890495139e+02
5.780591909644465431e+02 5.780146408876595387e+02 5.780252359444002650e+02 5.780513896315821967e+02 5.780196233304739053e+02 5.780310352010175166e+02 5.780395511228987289e+02 5.780598980260963344e+02 5.780082898529014983e+02 5.780619003680247943e+02 5.780480864112824975e+02 5.780956222407743326e+02 5.780241418916799603e+02 5.780038308302179075e+02 5.780222611293618229e+02 5.780723277703443728e+02 5.780775768045579071e+02 5.780897507485215101e+02 5.780214234206096080e+02 5.780770793705362394e+02 5.780394616076645207e+02 5.780012939080465912e+02 5.780454057595851509e+02 5.780362005018245100e+02 5.780626674490475807e+02 5.780258835247328761e+02 5.780165057623912617e+02 5.780611117899625242e+02 5.780780587674902335e+02 5.780225416028370091e+02 5.780443686729602177e+02 5.780726880513337846e+02 5.780075293513968973e+02 5.780488857258709459e+02 5.780383678844243605e+02 5.780163016035129431e+02 5.780339955121233970e+02
5.770532624899204848e+02 5.770922475095892423e+02 5.770115533682334217e+02 5.770745894656218979e+02 5.770609203195263035e+02 5.770023848009358289e+02 5.770844749117950414e+02 5.770166425299524917e+02 5.770793073233153336e+02 5.770841473030453699e+02 5.770747212792642813e+02 5.770254227201276080e+02 5.770659643975977815e+02 5.770150224174402638e+02 5.770598678253190883e+02 5.770085646856514359e+02 5.770161182579549859e+02 5.770534402311866415e+02 5.770665261217310444e+02 5.770585293659848958e+02 5.770755060199054469e+02 5.770513179016560343e+02 5.770326514267541143e+02 5.770331181122896851e+02 5.770368134496734456e+02 5.770262999017801349e+02 5.770812581913353370e+02 5.770568422656347138e+02 5.770595902792717879e+02 5.770152384377186081e+02 5.770705007092522010e+02 5.770832330918328807e+02 5.770108936408860245e+02 5.770373200037353172e+02 5.770883708317379615e+02 5.770675185682580377e+02 5.770342647423972267e+02
5.760281932137588683e+02 5.760214149854670040e+02 5.760208591386221997e+02 5.760254529031276434e+02 5.760399182190420788e+02 5.760147621625953889e+02 5.760716721327385130e+02 5.760881898837319568e+02 5.760438152424476357e+02 5.760432047547275261e+02 5.760464248942641916e+02 5.760401163424709239e+02 5.760427846962433023e+02 5.760654975951763390e+02 5.760930989928482404e+02 5.760685978737856203e+02 5.760002902041169364e+02 5.760677923538215737e+02 5.760762198288167610e+02 5.760996000134380211e+02 5.760827775877856993e+02 5.760085091926949872e+02 5.760737452295528556e+02 5.760368272699055296e+02 5.760830032570356707e+02 5.760778934423750570e+02 5.760495826631513410e+02 5.760522545468154476e+02 5.760045555619539073e+02 5.760425147244361597e+02 5.760584280823246672e+02 5.760700308889375947e+02 5.760089475560010897e+02 5.760240246573951026e+02 5.760699018564108655e+02 5.760191280567469221e+02 5.760222864285894957e+02
5.750869734179595980e+02 5.750468857444369633e+02 5.750527767480185730e+02 5.750200934108538604e+02 5.750849089517341781e+02 5.750093513881415674e+02 5.750699152725462682e+02 5.750501203124027825e+02 5.750477519181202979e+02 5.750851103218908520e+02 5.750405464871608956e+02 5.750359874438771612e+02 5.750000252850782090e+02 5.750546983891956643e+02 5.750122947829687519e+02 5.750871178906708110e+02 5.750353108083729694e+02 5.750149116010692296e+02 5.750606074521546134e+02 5.750745843747782828e+02 5.750271836321026058e+02 5.750268005439550052e+02 5.750314231588137091e+02 5.750076162963633806e+02 5.750252023238275569e+02 5.750081409438365654e+02 5.750768695478905101e+02 5.750463802547803880e+02 5.750108344272205159e+02 5.750703813949940013e+02 5.750837519887045346e+02 5.750692464402262658e+02 5.750063029345780024e+02 5.750560166901332195e+02 5.750412367804555061e+02 5.750231105222900396e+02 5.750136917463643158e+02
5.740732153878847157e+02 5.740017107949319097e+02 5.740936952082927291e+02 5.740014155506240741e+02 5.740172612176780831e+02 5.740319950140450374e+02 5.740582585898195020e+02 5.740942091098802393e+02 5.740661944456411447e+02 5.740634370760541287e+02 5.740739025809859868e+02 5.740309891841657191e+02 5.740738449698702652e+02 5.740860235651634866e+02 5.740236588905435156e+02 5.740448237946242216e+02 5.740963439860518065e+02 5.740720196654618803e+02 5.740074753212809355e+02 5.740715712678463660e+02 5.740223607322269572e+02 5.740143778978765567e+02 5.740751624839700753e+02 5.740595288308550153e+02 5.740056002905395189e+02 5.740129165729555325e+02 5.740240361867516867e+02 5.740821558385102890e+02 5.740472024095157622e+02 5.740622202744430069e+02 5.740316277292394034e+02 5.740489507045953133e+02 5.740346918912695173e+02 5.740094763056965803e+02 5.740085601176406271e+02 5.740332606034647824e+02 5.740374912869286845e+02
5.730300809926857255e+02 5.730546649749016979e+02 5.730060616934971449e+02 5.730650462128143090e+02 5.730984849805299746e+02 5.730104524228545415e+02 5.730747576553334284e+02 5.730496518113652655e+02 5.730657973208678868e+02 5.730051641714135258e+02 5.730024985781811893e+02 5.730892888102810048e+02 5.730609822973582368e+02 5.730287093122699389e+02 5.730851632951066676e+02 5.730218048868119922e+02 5.730422935984963715e+02 5.730615298111607672e+02 5.730861117655590533e+02 5.730712151082859691e+02 5.730652584254714839e+02 5.730079642613712849e+02 5.730914913429210173e+02 5.730444298452147223e+02 5.730527344441621835e+02 5.730320218227943769e+02 5.730756827336705328e+02 5.730349173579822946e+02 5.730584587007259643e+02 5.730866284742472772e+02 5.730397108213472848e+02 5.730140190513313883e+02 5.730498896852849384e+02 5.730510156812765672e+02 5.730850180892125536e+02 5.730108698290227949e+02 5.730128822952735845e+02
5.720238455275886054e+02 5.720071230206596056e+02 5.720524343353519043e+02 5.720958756827329807e+02 5.720191094246832790e+02 5.720775037408766366e+02 5.720016137054241199e+02 5.720396678427349570e+02 5.720956642382836890e+02 5.720514079568607713e+02 5.720833685614867363e+02 5.720954539982178630e+02 5.720834163901064358e+02 5.720823498314058497e+02 5.720337353161453393e+02 5.720992964566887622e+02 5.720134852968418500e+02 5.720323159560039130e+02 5.720412294262857813e+02 5.720899385713698848e+02 5.720762277402155860e+02 5.720825179376109872e+02 5.720905168072935112e+02 5.720846541818208379e+02 5.720735499166945601e+02 5.720404866786421962e+02 5.720667791849822379e+02 5.720471324618093831e+02 5.720631295150817550e+02 5.720507199258896662e+02 5.720925095235909339e+02 5.720386712329744796e+02 5.720486857411023038e+02 5.720465515911873808e+02 5.720769836895553908e+02 5.720261906084732573e+02 5.720941640751016166e+02
5.710912954923817324e+02 5.710225593842183116e+02 5.710127444127751914e+02 5.710943036338068168e+02 5.710948246472443088e+02 5.710518628588401953e+02 5.710385422596590388e+02 5.710792481672119720e+02 5.710413072607592539e+02 5.710305408092106063e+02 5.710606445372770850e+02 5.710723281727035783e+02 5.710615842126373991e+02 5.710058042188821901e+02 5.710820685919584321e+02 5.710174969510968594e+02 5.710581451961968469e+02 5.710968357556165529e+02 5.710962246793648092e+02 5.710521432603349012e+02 5.710721447869912026e+02 5.710648991758952207e+02 5.710614041447563523e+02 5.710699192398783453e+02 5.710629136782730484e+02 5.710330521907941375e+02 5.710013055578360763e+02 5.710137620595043018e+02 5.710595241397031714e+02 5.710412796155759452e+02 5.710186650005923639e+02 5.710292785386318428e+02 5.710716287399890234e+02 5.710778382323362621e+02 5.710196770663060306e+02 5.710837471972860158e+02 5.710585608074152333e+02
5.700443876044372473e+02 5.700694770158110032e+02 5.700030237987244845e+02 5.700880457969965391e+02 5.700996164249629601e+02 5.700886209564428100e+02 5.700009523298683689e+02 5.700758888412663055e+02 5.700364442186366887e+02 5.700815007440370437e+02 5.700964730951791353e+02 5.700915468344969668e+02 5.700974371120552178e+02 5.700385184974219328e+02 5.700222403203729300e+02 5.700308733682949196e+02 5.700343461828232421e+02 5.700895118628063756e+02 5.700184237549270847e+02 5.700314109174502164e+02 5.700344828830001234e+02 5.700313338720637830e+02 5.700309730091638585e+02 5.700535072189179573e+02 5.700824514053555276e+02 5.700870122418806432e+02 5.700894097354544101e+02 5.700908094448088832e+02 5.700069847125339493e+02 5.700502526631676119e+02 5.700860402165890264e+02 5.700401519320695343e+02 5.700450107362216841e+02 5.700021737009548133e+02 5.700041780821068187e+02 5.700717807060233326e+02 5.700554280941856859e+02
5.690818411599524325e+02 5.690549003126511707e+02 5.690475801763757318e+02 5.690772503277783017e+02 5.690254577401124152e+02 5.690003723055240243e+02 5.690721940008847923e+02 5.690312353273226336e+02 5.690014867184904688e+02 5.690244687070305645e+02 5.690537285968474635e+02 5.690324180725112910e+02 5.690638636748377621e+02 5.690366682525411761e+02 5.690461481563201005e+02 5.690630779566895399e+02 5.690114758617946791e+02 5.690226143990200853e+02 5.690552829996555602e+02 5.690562823016358607e+02 5.690210613517542697e+02 5.690937919456754344e+02 5.690955065021070141e+02 5.690218968828419293e+02 5.690163506803759219e+02 5.690436288178943869e+02 5.690888143148063136e+02 5.690593569108395968e+02 5.690819280010263128e+02 5.690180596463768552e+02 5.690542215005737035e+02 5.690114645983452419e+02 5.690213571970474504e+02 5.690573561278034731e+02 5.690204115286616116e+02 5.690958367877490218e+02 5.690383094478564772e+02
5.680829664038539022e+02 5.680981061852252196e+02 5.680074534321481678e+02 5.680739881034875225e+02 5.680568856562676956e+02 5.680181241303019988e+02 5.680549691950735678e+02 5.680052639654301174e+02 5.680845386922854914e+02 5.680400668544755263e+02 5.680997660874321582e+02 5.680044746249888021e+02 5.680261126389159472e+02 5.680385882815884315e+02 5.680500140168145435e+02 5.680818991097106618e+02 5.680761446660508227e+02 5.680422899762032785e+02 5.680781145951237932e+02 5.680906714029808882e+02 5.680232189162217082e+02 5.680380019880470854e+02 5.680423684731269987e+02 5.680138444160643303e+02 5.680357513485091658e+02 5.680976518659838348e+02 5.680926538471659342e+02 5.680581900765573664e+02 5.680606700781869449e+02 5.680511119650772116e+02 5.680921019690164258e+02 5.680694881177729485e+02 5.680414923665958895e+02 5.680502823603707157e+02 5.680375249936156479e+02 5.680207393356887451e+02 5.680611160194030163e+02
5.670928329377350110e+02 5.670188593771785008e+02 5.670596298889288391e+02 5.670806723075487525e+02 5.670435055181020516e+02 5.670743011685976853e+02 5.670650594334142625e+02 5.670101798795710693e+02 5.670520751351713216e+02 5.670595596956834470e+02 5.670398841366910574e+02 5.670779596796809301e+02 5.670579990672730446e+02 5.670818508169370489e+02 5.670649483595855145e+02 5.670060572457789476e+02 5.670253781730727951e+02 5.670575080396089334e+02 5.670339984568530554e+02 5.670311584587310563e+02 5.670282205084486122e+02 5.670247154569699433e+02 5.670083321069229214e+02 5.670405431876693001e+02 5.670260662803664218e+02 5.670851262952820662e+02 5.670043906573775985e+02 5.670358555042156468e+02 5.670842953234173365e+02 5.670893008121934145e+02 5.670852550150841580e+02 5.670260289575155639e+02 5.670219438005605070e+02 5.670653334579814100e+02 5.670280422269624978e+02 5.670710621102729192e+02 5.670691294308121542e+02
5.660518968811899185e+02 5.660206659228575745e+02 5.660976818928196508e+02 5.660631582704162383e+02 5.660170648776326061e+02 5.660088616780728898e+02 5.660604264743268459e+02 5.660844267688063383e+02 5.660844449777732734e+02 5.660780038418744198e+02 5.660247332852517275e+02 5.660694937145073027e+02 5.660450535321255074e+02 5.660864890425202702e+02 5.660750549387399815e+02 5.660196792375920722e+02 5.660134309919914131e+02 5.660116171684325082e+02 5.660173703816385569e+02 5.660510185544362685e+02 5.660504137093516874e+02 5.660007835601654733e+02 5.660002524680701299e+02 5.660788463852246650e+02 5.660204663664835607e+02 5.660753435903043282e+02 5.660504610929824594e+02 5.660625543672548474e+02 5.660133445352807939e+02 5.660345002540199175e+02 5.660103987495410820e+02 5.660997318122527986e+02 5.660064374586530676e+02 5.660776183419036443e+02 5.660947373260200948e+02 5.660591599251215484e+02 5.660932224916355153e+02
