testing_code/fall_2022/sample_topo2_bedrock__elevation.txt
ncols 100
nrows 100
xllcorner 0.0
yllcorner 0.0
cellsize 10.0
[rows 51 to 67 of 100, columns 37 to 73 of 100]
5.480523998193715443e+02 5.480928786558512229e+02 5.480466059749393253e+02 5.480834394756017218e+02 5.480910381527570507e+02 5.480921257445589845e+02 5.480710593730738083e+02 5.480042447999275055e+02 5.480576400963650485e+02 5.480504965412591218e+02 5.480082248710803015e+02 5.480272964285364878e+02 5.480527827089159700e+02 5.480526514357578662e+02 5.480563763292359454e+02 5.480361275798152292e+02 5.480488044764239248e+02 5.480610464235463724e+02 5.480556391843082338e+02 5.480866315432508600e+02 5.480139518886398946e+02 5.480162730800907411e+02 5.480567581748269959e+02 5.480203741183248667e+02 5.480370435742780728e+02 5.480330423988375514e+02 5.480064239594862556e+02 5.480669480835360901e+02 5.480006499640107904e+02 5.480893897845332958e+02 5.480090187792289953e+02 5.480573155372803740e+02 5.480915592042878188e+02 5.480270796178532464e+02 5.480775277645952883e+02 5.480965569049333226e+02 5.480643753969656018e+02
5.470562379113754332e+02 5.470243964110666184e+02 5.470408192880374827e+02 5.470010968069466344e+02 5.470277293730378005e+02 5.470492481285690474e+02 5.470813369625076348e+02 5.470828623794549230e+02 5.470505217945216145e+02 5.470420995507422504e+02 5.470464337459942499e+02 5.470531979120611368e+02 5.470060715524795114e+02 5.470567268448025970e+02 5.470627659818362645e+02 5.470393609855410659e+02 5.470766891986289693e+02 5.470582982746404923e+02 5.470271307316621687e+02 5.470224529392618251e+02 5.470893370751214206e+02 5.470176318651809879e+02 5.470893890077401238e+02 5.470982474086314369e+02 5.470675275941558766e+02 5.470075491291214576e+02 5.470502235850462966e+02 5.470521068642766522e+02 5.470588651944258345e+02 5.470574616108604005e+02 5.470637509311454778e+02 5.470557374920198299e+02 5.470085241131688463e+02 5.470373599259784214e+02 5.470853189657724442e+02 5.470298428981727739e+02 5.470821013328679783e+02
5.460894826277410630e+02 5.460422474051572408e+02 5.460329490228115219e+02 5.460168985416468104e+02 5.460223661557299693e+02 5.460014698631530337e+02 5.460041337655047755e+02 5.460638937024995130e+02 5.460638857028765187e+02 5.460605140112401159e+02 5.460560085903491654e+02 5.460341712602233883e+02 5.460698041771712496e+02 5.460859190825732412e+02 5.460476556958782339e+02 5.460293081559077564e+02 5.460804595912641162e+02 5.460166671148482465e+02 5.460990448955109287e+02 5.460256599774937740e+02 5.460787083156938024e+02 5.460351543496949489e+02 5.460701231989942244e+02 5.460014935443148261e+02 5.460252488986934623e+02 5.460396105148423658e+02 5.460662275806021171e+02 5.460797424021988036e+02 5.460267675872242989e+02 5.460512292951906375e+02 5.460542132255851584e+02 5.460787393053217329e+02 5.460455389898776275e+02 5.460395321059853586e+02 5.460740598048728316e+02 5.460023092468674122e+02 5.460175509839151573e+02
5.450035839520468244e+02 5.450678603386504619e+02 5.450775491513402358e+02 5.450728815716654481e+02 5.450856689281764602e+02 5.450634406725858980e+02 5.450257315265571378e+02 5.450092913551162610e+02 5.450164454746675347e+02 5.450138996169181382e+02 5.450297301846084110e+02 5.450088494568226452e+02 5.450572036604760342e+02 5.450419976672658322e+02 5.450869811812680155e+02 5.450778910745511894e+02 5.450922342026369734e+02 5.450728247380662879e+02 5.450150405029201011e+02 5.450214541379126558e+02 5.450131395797740197e+02 5.450147471746992096e+02 5.450948141516450960e+02 5.450355923099142501e+02 5.450261953740749732e+02 5.450386290294982246e+02 5.450119040818556186e+02 5.450189987839974037e+02 5.450762908800616060e+02 5.450124182678133593e+02 5.450285961088050044e+02 5.450014948377532846e+02 5.450281461690084370e+02 5.450250557100044944e+02 5.450500171436223127e+02 5.450524103873221975e+02 5.450832125307163096e+02
5.440881146014319256e+02 5.440817174941834082e+02 5.440418028478829910e+02 5.440113836949946062e+02 5.440024983854640368e+02 5.440809727217366571e+02 5.440452133786851618e+02 5.440027027718709860e+02 5.440961930745640984e+02 5.440959905768698945e+02 5.440623339927826692e+02 5.440941516828389695e+02 5.440678617376238435e+02 5.440008019724691621e+02 5.440301780780785066e+02 5.440912401709643973e+02 5.440663515792634826e+02 5.440877445490383479e+02 5.440284863032724161e+02 5.440669596782207691e+02 5.440639872425289241e+02 5.440200973388477905e+02 5.440550674823633699e+02 5.440103687756710542e+02 5.440508926952868478e+02 5.440926878416945556e+02 5.440335586896154609e+02 5.440481671763670874e+02 5.440561258852218316e+02 5.440280294019063376e+02 5.440794237308950869e+02 5.440977271532682380e+02 5.440684400375303085e+02 5.440177961850029078e+02 5.440657887167272975e+02 5.440004012934533648e+02 5.440364228613515252e+02
5.430062969137576374e+02 5.430048912901067979e+02 5.430564663948317730e+02 5.430066013845790849e+02 5.430971275409549435e+02 5.430885629958438585e+02 5.430787210439307273e+02 5.430312156900921536e+02 5.430655564163009785e+02 5.430814399714164438e+02 5.430074658607925358e+02 5.430970999883912782e+02 5.430565587804806000e+02 5.430509221823449479e+02 5.430566850938554353e+02 5.430093340485981344e+02 5.430512413198473496e+02 5.430903347173414204e+02 5.430147560841990071e+02 5.430557848715922091e+02 5.430610242837842634e+02 5.430005023889173117e+02 5.430644731296159762e+02 5.430009034146407885e+02 5.430744671881774366e+02 5.430905526850418710e+02 5.430263061615598872e+02 5.430449887626862164e+02 5.430308617613434308e+02 5.430977667384561300e+02 5.430058062565780119e+02 5.430723401539646602e+02 5.430613503933949460e+02 5.430481324546371980e+02 5.430276471073578932e+02 5.430573021092752697e+02 5.430091954666847869e+02
5.420972299463097670e+02 5.420060988910460082e+02 5.420520817636630682e+02 5.420734931017091185e+02 5.420771288172621780e+02 5.420884715411056050e+02 5.420025906139497920e+02 5.420346888531671539e+02 5.420279470372279320e+02 5.420919467030640817e+02 5.420634179312409060e+02 5.420599221837735513e+02 5.420871424001102241e+02 5.420201414366500785e+02 5.420426068803458293e+02 5.420186154198870554e+02 5.420810556872911548e+02 5.420409259933580870e+02 5.420689808144612698e+02 5.420516771967838849e+02 5.420594478465361590e+02 5.420802862314393451e+02 5.420726751003497839e+02 5.420621324566430985e+02 5.420330810913201276e+02 5.420314202807854826e+02 5.420291076919152147e+02 5.420293395326617656e+02 5.420821842961283892e+02 5.420666158416538565e+02 5.420960447624755716e+02 5.420320336046356715e+02 5.420110332520498559e+02 5.420879156549930258e+02 5.420951689573989825e+02 5.420908720258486255e+02 5.420175700433961765e+02
5.410052649873954351e+02 5.410667770254432298e+02 5.410953225790744909e+02 5.410019554286618586e+02 5.410478099446864917e+02 5.410888382182670284e+02 5.410470308885325039e+02 5.410140800680147777e+02 5.410892204661349751e+02 5.410889299900447895e+02 5.410358917354901678e+02 5.410381896009832872e+02 5.410939664982728345e+02 5.410927573862088593e+02 5.410863367788149390e+02 5.410673997672637370e+02 5.410538587960139694e+02 5.410978288050359879e+02 5.410862077271046928e+02 5.410158789724263215e+02 5.410948487399447231e+02 5.410352183069599050e+02 5.410609801401748200e+02 5.410159699542144836e+02 5.410738271571453879e+02 5.410356577659324557e+02 5.410347416236314757e+02 5.410450661632659148e+02 5.410537768931287701e+02 5.410601885323129636e+02 5.410628806089101772e+02 5.410010016808845421e+02 5.410537782077742577e+02 5.410413103694759229e+02 5.410498485905721964e+02 5.410349947806373621e+02 5.410394185978349242e+02
5.400509093842317725e+02 5.400367190777453743e+02 5.400843363696685628e+02 5.400313161862669631e+02 5.400285275288931643e+02 5.400215174710203883e+02 5.400708813971688187e+02 5.400844520627516658e+02 5.400761056166440994e+02 5.400295522536370072e+02 5.400605515703988431e+02 5.400753198034099114e+02 5.400358740719638035e+02 5.400010709096765140e+02 5.400401415793756996e+02 5.400670933471609487e+02 5.400659095336600330e+02 5.400183200346762078e+02 5.400749104550052380e+02 5.400617016713908924e+02 5.400715841100978878e+02 5.400275557986979038e+02 5.400435085154357466e+02 5.400909967817424331e+02 5.400570279064775150e+02 5.400842574608676614e+02 5.400471711926209082e+02 5.400006900159552288e+02 5.400194656941933999e+02 5.400596075381619130e+02 5.400089525025588273e+02 5.400783271829236583e+02 5.400708997332369563e+02 5.400682693493936313e+02 5.400976132768073512e+02 5.400770198906554924e+02 5.400608687769673679e+02
5.390353899074309538e+02 5.390602017861399418e+02 5.390011990223905514e+02 5.390075780994737897e+02 5.390209099874089134e+02 5.390883987822012386e+02 5.390706029422397023e+02 5.390015087011864807e+02 5.390042800967318044e+02 5.390277380939480736e+02 5.390702406854551327e+02 5.390939840683462307e+02 5.390212002929109758e+02 5.390499821302997816e+02 5.390535692617287395e+02 5.390410841827979311e+02 5.390733921411983829e+02 5.390802507988545358e+02 5.390689362823603688e+02 5.390858804430259852e+02 5.390343229765256865e+02 5.390147338547427580e+02 5.390315220750898106e+02 5.390608816396114662e+02 5.390160828912852367e+02 5.390293308384636930e+02 5.390511910155795476e+02 5.390878307124153253e+02 5.390892548318838635e+02 5.390088787568199677e+02 5.390097836443858341e+02 5.390713745766619240e+02 5.390750261338798737e+02 5.390580504682587843e+02 5.390797098901223308e+02 5.390217216385702841e+02 5.390267013886634686e+02
5.380113505324758307e+02 5.380265566509687005e+02 5.380781757712426270e+02 5.380862750939545549e+02 5.380542235019083819e+02 5.380885986308441034e+02 5.380916745034521682e+02 5.380945819615059236e+02 5.380053427914677968e+02 5.380727630432951401e+02 5.380923354488051018e+02 5.380054889287026754e+02 5.380317334801177367e+02 5.380956593127452834e+02 5.380619151628781083e+02 5.380249790033388990e+02 5.380900152214833270e+02 5.380936387657748128e+02 5.380800381854156740e+02 5.380931761483643641e+02 5.380404118323605189e+02 5.380316253639741717e+02 5.380193416203661627e+02 5.380496460862945014e+02 5.380074366143085172e+02 5.380645449612839002e+02 5.380331206372361521e+02 5.380338111378855501e+02 5.380695156555201493e+02 5.380985053128059690e+02 5.380495975132187141e+02 5.380955044504385114e+02 5.380688609610317599e+02 5.380302012058592709e+02 5.380640312674219103e+02 5.380389261062567812e+02 5.380979511332935772e+02
5.370367287871869166e+02 5.370452587207730630e+02 5.370067125057756812e+02 5.370257755780352227e+02 5.370367287399647012e+02 5.370427616843689975e+02 5.370880901844180926e+02 5.370072628862267266e+02 5.370233140891193671e+02 5.370153522821022989e+02 5.370146280054892713e+02 5.370792331191029234e+02 5.370991826418718347e+02 5.370573963903685808e+02 5.370224317211049083e+02 5.370604169521876656e+02 5.370464916490896030e+02 5.370820658203153926e+02 5.370094380021670304e+02 5.370554704556898287e+02 5.370583323716086852e+02 5.370674669934238636e+02 5.370389452780806323e+02 5.370556189963348288e+02 5.370299716542176611e+02 5.370449657142019078e+02 5.370506764945749865e+02 5.370118201618342937e+02 5.370072584595295666e+02 5.370927693245050705e+02 5.370451915114587109e+02 5.370750621693954372e+02 5.370985760707243344e+02 5.370347085697167131e+02 5.370451213703959183e+02 5.370309943369079519e+02 5.370555687788709065e+02
5.360318070253274527e+02 5.360871699246696380e+02 5.360216005570252946e+02 5.360478544656966733e+02 5.360724895368492753e+02 5.360384251535461999e+02 5.360238048584423041e+02 5.360233009451059161e+02 5.360482715616182077e+02 5.360400338253060681e+02 5.360106470700563932e+02 5.360526668529661265e+02 5.360092147658020849e+02 5.360639262648745671e+02 5.360501572443450868e+02 5.360577433732996724e+02 5.360319061327280679e+02 5.360668633731396540e+02 5.360182226774940091e+02 5.360359130762061568e+02 5.360683841016827955e+02 5.360419303680920393e+02 5.360677332191816049e+02 5.360560593998808372e+02 5.360727990310992936e+02 5.360421323781678211e+02 5.360040186823769091e+02 5.360857928611384295e+02 5.360646348664206471e+02 5.360389377256573198e+02 5.360620863803982274e+02 5.360157021745114889e+02 5.360656387195076604e+02 5.360180670941450671e+02 5.360769511214652994e+02 5.360583432288527774e+02 5.360995227455906615e+02
5.350035196600757672e+02 5.350368078987302169e+02 5.350718051775628510e+02 5.350121859362252508e+02 5.350659985710142337e+02 5.350887490950458414e+02 5.350707538509417418e+02 5.350495681631454090e+02 5.350971674517329575e+02 5.350453848001831147e+02 5.350098990634133997e+02 5.350143503519998376e+02 5.350076973896536856e+02 5.350515559094301352e+02 5.350124699611208143e+02 5.350439472805054493e+02 5.350083848852773372e+02 5.350362792260157221e+02 5.350209195295291238e+02 5.350999151017433633e+02 5.350149348011373149e+02 5.350406412098947158e+02 5.350904519407231419e+02 5.350125125432198274e+02 5.350057894740681377e+02 5.350146943622956996e+02 5.350504644470344147e+02 5.350195684811734509e+02 5.350765630730113571e+02 5.350466026755913163e+02 5.350659341918241125e+02 5.350598384213827785e+02 5.350327826705729422e+02 5.350321314849991268e+02 5.350582139262307919e+02 5.350333279668628848e+02 5.350615071594639858e+02
5.340290649431199199e+02 5.340199121707076984e+02 5.340404839354537216e+02 5.340748340967520562e+02 5.340681002628937222e+02 5.340122476871958952e+02 5.340242581694062665e+02 5.340574056854377432e+02 5.340539519794158423e+02 5.340502148778197125e+02 5.340806401144189977e+02 5.340229139133425633e+02 5.340423998050137016e+02 5.340172333097664250e+02 5.340821687048605781e+02 5.340581024603268361e+02 5.340726097523903491e+02 5.340724484519543012e+02 5.340148199757707062e+02 5.340141176607008902e+02 5.340268351496815740e+02 5.340536233032474911e+02 5.340740924130249141e+02 5.340713124640698197e+02 5.340300644980906100e+02 5.340790182635971632e+02 5.340983382878791872e+02 5.340873854585738627e+02 5.340340709609874921e+02 5.340828542709044768e+02 5.340519010745159676e+02 5.340626560058332188e+02 5.340791077529177073e+02 5.340738038254843332e+02 5.340436296489122014e+02 5.340733130312740968e+02 5.340680701000926547e+02
5.330278274242035650e+02 5.330223974114949215e+02 5.330406934057422177e+02 5.330553922760254864e+02 5.330267262258749952e+02 5.330502636015901317e+02 5.330444217606791426e+02 5.330821504049343957e+02 5.330837768101542906e+02 5.330972352926346502e+02 5.330401513806295952e+02 5.330564698269997734e+02 5.330293133719383150e+02 5.330137333987689772e+02 5.330301046448640818e+02 5.330329877053894734e+02 5.330265216746935266e+02 5.330236360040897807e+02 5.330709318488538884e+02 5.330422271151925315e+02 5.330552143759873616e+02 5.330286223932374696e+02 5.330801495779188599e+02 5.330591086121556827e+02 5.330620453284800533e+02 5.330409005981028940e+02 5.330305012752887706e+02 5.330397146189874320e+02 5.330773534946561085e+02 5.330757463490296004e+02 5.330476559675403223e+02 5.330160648235853387e+02 5.330113058259839818e+02 5.330880297788204416e+02 5.330156982009090143e+02 5.330078693199626514e+02 5.330538980403222240e+02
5.320248180758011358e+02 5.320314491454066683e+02 5.320280796355770008e+02 5.320463448089790290e+02 5.320278594804368595e+02 5.320007748495793294e+02 5.320639646322164253e+02 5.320468175431116151e+02 5.320738644962037824e+02 5.320448413876994209e+02 5.320032024146196363e+02 5.320414656663911046e+02 5.320037024108412425e+02 5.320565745161674158e+02 5.320661841349038923e+02 5.320330360556270080e+02 5.320250151432750272e+02 5.320238232292178964e+02 5.320267703895177647e+02 5.320752421116706046e+02 5.320661597163624492e+02 5.320626588281079421e+02 5.320022280912442056e+02 5.320955221829094626e+02 5.320350156131947870e+02 5.320703911625445244e+02 5.320636761854334509e+02 5.320437668252004642e+02 5.320477285405090697e+02 5.320033866499910573e+02 5.320240776418221458e+02 5.320753549098396888e+02 5.320139637386438380e+02 5.320642469755808861e+02 5.320693707770017227e+02 5.320641210405560741e+02 5.320386449573161372e+02
