testing_code/fall_2022/sample_topo2_bedrock__elevation.txt
ncols 100
nrows 100
xllcorner 0.0
yllcorner 0.0
cellsize 10.0
[rows 68 to 84 of 100, columns 37 to 73 of 100]
5.310839042647062342e+02 5.310093843320792075e+02 5.310482415466660768e+02 5.310241166141254325e+02 5.310513294614814868e+02 5.310655018018362625e+02 5.310432738264752288e+02 5.310444382819612201e+02 5.310304071558210808e+02 5.310487190106002799e+02 5.310621582779333494e+02 5.310995269830415282e+02 5.310116036173723160e+02 5.310991152019265655e+02 5.310563658016903901e+02 5.310565764665911956e+02 5.310829927025069992e+02 5.310588906693176341e+02 5.310870396240846958e+02 5.310812758301890426e+02 5.310269579714575912e+02 5.310809457458328779e+02 5.310697400111572506e+02 5.310451956440797403e+02 5.310010268851038973e+02 5.310676600854496883e+02 5.310696611896433978e+02 5.310998940143837217e+02 5.310822446627446425e+02 5.310150235077165917e+02 5.310940946726625498e+02 5.310567708867941974e+02 5.310207179969625031e+02 5.310798521283952596e+02 5.310432235139843442e+02 5.310955502120158371e+02 5.310380130900430231e+02
5.300303734662003308e+02 5.300359712720843390e+02 5.300433178053914389e+02 5.300489834046271653e+02 5.300567108708236219e+02 5.300535312477829848e+02 5.300046232108379627e+02 5.300841576022149866e+02 5.300314414721724461e+02 5.300392709390223445e+02 5.300376021821284667e+02 5.300269199909089366e+02 5.300670114514342686e+02 5.300886635324334293e+02 5.300089971245793095e+02 5.300487763873703670e+02 5.300607331474058128e+02 5.300373991557030422e+02 5.300862106074990834e+02 5.300235020391793341e+02 5.300026906891503131e+02 5.300070516606399451e+02 5.300713698230392765e+02 5.300199376361407531e+02 5.300215757091471005e+02 5.300313086779290188e+02 5.300952264486173817e+02 5.300590761126192092e+02 5.300116698646855866e+02 5.300892722416579090e+02 5.300677019503893916e+02 5.300819790530326827e+02 5.300334311294197960e+02 5.300001082683811546e+02 5.300728331678202494e+02 5.300574807393621768e+02 5.300493200783853354e+02
5.290050850778943641e+02 5.290551691482269234e+02 5.290944251483914513e+02 5.290711211676082257e+02 5.290265903520808024e+02 5.290050463733476818e+02 5.290970021433153079e+02 5.290071369773355627e+02 5.290647905612141813e+02 5.290770723007326524e+02 5.290221726983885446e+02 5.290600815173263527e+02 5.290844911569879514e+02 5.290656500635624298e+02 5.290178678876444565e+02 5.290608698225581747e+02 5.290797440512811818e+02 5.290539177383462857e+02 5.290624437648046978e+02 5.290626053986501347e+02 5.290669802115205584e+02 5.290947150384390625e+02 5.290931092137931273e+02 5.290965732751940322e+02 5.290744926855284120e+02 5.290709077892279311e+02 5.290839584446346180e+02 5.290694655222428082e+02 5.290658411045736784e+02 5.290927780069524715e+02 5.290174205669976573e+02 5.290903731011944728e+02 5.290448210778641851e+02 5.290713801431276124e+02 5.290646507413217705e+02 5.290141390214100738e+02 5.290148515440315578e+02
5.280457136910022200e+02 5.280733702866809836e+02 5.280334428659382411e+02 5.280309919547563595e+02 5.280941655044108529e+02 5.280171825734406639e+02 5.280938125515897354e+02 5.280132888852456290e+02 5.280938636997675530e+02 5.280074030324475416e+02 5.280997439197591348e+02 5.280969283153699507e+02 5.280389077607788977e+02 5.280471960655637531e+02 5.280931219311104314e+02 5.280138766680940989e+02 5.280281410464980354e+02 5.280363689114431054e+02 5.280973614252401376e+02 5.280537025249428780e+02 5.280624794572041765e+02 5.280465200724576107e+02 5.280655596340183138e+02 5.280852572625515222e+02 5.280825344292921955e+02 5.280128027721199260e+02 5.280463274102546620e+02 5.280655498865419304e+02 5.280272403801249084e+02 5.280497012017527823e+02 5.280185333754368457e+02 5.280952512150302027e+02 5.280916765040816472e+02 5.280872151054162487e+02 5.280385547710819765e+02 5.280047935041292249e+02 5.280610133975369536e+02
5.270529671228470079e+02 5.270576531698299050e+02 5.270185480958280095e+02 5.270987750958962579e+02 5.270363451426010215e+02 5.270450867534013923e+02 5.270542930450161521e+02 5.270015092069447746e+02 5.270160312773201667e+02 5.270540012644065655e+02 5.270370465935243374e+02 5.270157143976865655e+02 5.270111757378355151e+02 5.270066774653892026e+02 5.270485395875442691e+02 5.270803169112404021e+02 5.270931861238876763e+02 5.270041484436703740e+02 5.270196319046524422e+02 5.270581081919975759e+02 5.270814166891252626e+02 5.270417362712075828e+02 5.270271828217278198e+02 5.270476006657617063e+02 5.270846972583439083e+02 5.270766523975190694e+02 5.270652169045928304e+02 5.270930614955660758e+02 5.270989783553886809e+02 5.270003937809505032e+02 5.270070339245556852e+02 5.270274631222540620e+02 5.270508093076224441e+02 5.270088997753380227e+02 5.270264399366965336e+02 5.270770215199463564e+02 5.270923452261322382e+02
5.260812600953615856e+02 5.260365676687805490e+02 5.260298789109891686e+02 5.260870264276416037e+02 5.260135911850097727e+02 5.260145127797256919e+02 5.260533886085016775e+02 5.260797458168800631e+02 5.260062730997411791e+02 5.260053062268035546e+02 5.260914597864077678e+02 5.260001685924290769e+02 5.260431658370002879e+02 5.260851370278928698e+02 5.260845689758813251e+02 5.260134780250483573e+02 5.260740779767487538e+02 5.260393284649563839e+02 5.260843015877311473e+02 5.260540040732157649e+02 5.260087129118247731e+02 5.260727086739663036e+02 5.260766436385932820e+02 5.260109023102613719e+02 5.260358623475995046e+02 5.260909603701022661e+02 5.260036992384183350e+02 5.260968307849096846e+02 5.260162739550019069e+02 5.260537663250128162e+02 5.260957229547112775e+02 5.260537284428412477e+02 5.260235734894713460e+02 5.260599008876585003e+02 5.260844121046613964e+02 5.260453469086195355e+02 5.260216006830930837e+02
5.250423355827298337e+02 5.250542408871538100e+02 5.250044927754597666e+02 5.250780646408184111e+02 5.250627438408860144e+02 5.250852272943068328e+02 5.250348502738104344e+02 5.250182604166697047e+02 5.250027190916590598e+02 5.250445238134523152e+02 5.250417017423596917e+02 5.250745569826494830e+02 5.250023674478784415e+02 5.250972457605428190e+02 5.250837593236493603e+02 5.250966983309197076e+02 5.250102673537747933e+02 5.250408636499983004e+02 5.250104302535454508e+02 5.250889769320584719e+02 5.250138145046793170e+02 5.250181962433953231e+02 5.250709711048137933e+02 5.250786578723073035e+02 5.250236736937279147e+02 5.250380892083413755e+02 5.250443194383359469e+02 5.250686087348004776e+02 5.250165247928352983e+02 5.250577327336554845e+02 5.250061714282524008e+02 5.250942425407520204e+02 5.250459896454711952e+02 5.250133436148968258e+02 5.250225145793652928e+02 5.250356782353435392e+02 5.250179336138509143e+02
5.240945368686607253e+02 5.240370738653183480e+02 5.240195922742177572e+02 5.240665027728113046e+02 5.240999574646251631e+02 5.240068891991564897e+02 5.240680133463666834e+02 5.240591276068311117e+02 5.240869391198343692e+02 5.240990094722593540e+02 5.240301203029538328e+02 5.240307436230718849e+02 5.240110755230004997e+02 5.240820653255659636e+02 5.240472661317983238e+02 5.240753202698291489e+02 5.240598374829826298e+02 5.240667893042669903e+02 5.240877699313447238e+02 5.240172289159644379e+02 5.240529543517809543e+02 5.240387192176604003e+02 5.240495483574451328e+02 5.240715602706093250e+02 5.240060740411601046e+02 5.240165199714455184e+02 5.240216037431351879e+02 5.240689933800039171e+02 5.240325938412058804e+02 5.240971130228867878e+02 5.240836135346581841e+02 5.240838343208389460e+02 5.240313993110378306e+02 5.240076718011729326e+02 5.240290473681869798e+02 5.240302475783050795e+02 5.240242598800825817e+02
5.230431563369515970e+02 5.230948985652764804e+02 5.230689746909423548e+02 5.230318116882020831e+02 5.230557506525775580e+02 5.230530816859128436e+02 5.230234721494640553e+02 5.230561749313786777e+02 5.230337792785384181e+02 5.230143096913403724e+02 5.230447776187420459e+02 5.230481762592778523e+02 5.230526029553238914e+02 5.230019191710554196e+02 5.230586338774593287e+02 5.230905118055175080e+02 5.230325248410186987e+02 5.230264411579673833e+02 5.230458786209254640e+02 5.230656764592539503e+02 5.230731740419031439e+02 5.230036614375513864e+02 5.230973035495745762e+02 5.230657456672319086e+02 5.230267159100699246e+02 5.230382482652820499e+02 5.230427872419127198e+02 5.230521591642688009e+02 5.230236845419980227e+02 5.230040202121508628e+02 5.230567854312066629e+02 5.230421266052341025e+02 5.230457898600376438e+02 5.230742184449892420e+02 5.230201136632582575e+02 5.230228615171330375e+02 5.230363572987555472e+02
5.220317278604120474e+02 5.220178614236079966e+02 5.220346562743889081e+02 5.220958046058722175e+02 5.220002031545932368e+02 5.220875806842570910e+02 5.220258887036433180e+02 5.220954043775585660e+02 5.220125848831894473e+02 5.220535976538620844e+02 5.220286947092712353e+02 5.220332248537371242e+02 5.220628836469377347e+02 5.220784851019777761e+02 5.220474865078377888e+02 5.220645039245558792e+02 5.220436778588577909e+02 5.220494583310670578e+02 5.220952277837776592e+02 5.220602973466289995e+02 5.220415725590735292e+02 5.220216713353660225e+02 5.220192552297114617e+02 5.220579933755134334e+02 5.220555862483605551e+02 5.220134792868409477e+02 5.220627554330003477e+02 5.220791159975856317e+02 5.220193947843545175e+02 5.220020462457788426e+02 5.220721463430018048e+02 5.220376553601485057e+02 5.220920199812842384e+02 5.220439346972366366e+02 5.220401733022764574e+02 5.220062506262974011e+02 5.220290023393849879e+02
5.210748409105990504e+02 5.210404216896318985e+02 5.210750802211285873e+02 5.210349677047818204e+02 5.210154522345136456e+02 5.210383126080577085e+02 5.210141017926083578e+02 5.210208910793847963e+02 5.210463200523859086e+02 5.210781001327169406e+02 5.210103189322557000e+02 5.210508288612732031e+02 5.210893698486496532e+02 5.210325152025378657e+02 5.210067745138691180e+02 5.210223006809227400e+02 5.210689434267092111e+02 5.210365919911852188e+02 5.210231100006324141e+02 5.210403931825688915e+02 5.210177062583661609e+02 5.210293262803600101e+02 5.210357602268543360e+02 5.210462150647392718e+02 5.210340517127109479e+02 5.210878275025931998e+02 5.210596117181079308e+02 5.210261273434144869e+02 5.210202954133213780e+02 5.210454603766679611e+02 5.210859291588556061e+02 5.210792240650145004e+02 5.210157984692300488e+02 5.210577458707253982e+02 5.210954787526690097e+02 5.210962175134465042e+02 5.210305525397661768e+02
5.200989022085370834e+02 5.200710160612907202e+02 5.200185708169304917e+02 5.200158379242822093e+02 5.200294477683037258e+02 5.200060983486911255e+02 5.200657217179135614e+02 5.200336118909245897e+02 5.200832349181688414e+02 5.200518660247990965e+02 5.200571045259226821e+02 5.200171329653151133e+02 5.200381792666644287e+02 5.200353287244629428e+02 5.200856108267862510e+02 5.200155299492574841e+02 5.200181397725102670e+02 5.200877492006244438e+02 5.200902448838622831e+02 5.200936163620028765e+02 5.200248649807859920e+02 5.200368340454892859e+02 5.200525074649946191e+02 5.200684395162190867e+02 5.200961133025792833e+02 5.200635311054038539e+02 5.200015410725552556e+02 5.200089448692642691e+02 5.200076634200751187e+02 5.200874213193887954e+02 5.200140476125255873e+02 5.200456731453183465e+02 5.200952781300231891e+02 5.200484683925255922e+02 5.200079775321800071e+02 5.200975986054419309e+02 5.200959145326999078e+02
5.190802702977701983e+02 5.190013691849246698e+02 5.190190715730324200e+02 5.190983799059287094e+02 5.190146269556222478e+02 5.190109627817653291e+02 5.190479505054755691e+02 5.190256700742124849e+02 5.190326579338270676e+02 5.190901443133591329e+02 5.190024348933463898e+02 5.190264850437578161e+02 5.190247411796883625e+02 5.190184358473309203e+02 5.190380864837742365e+02 5.190478360864743763e+02 5.190344351638593707e+02 5.190002041915591917e+02 5.190449781913187053e+02 5.190007295323017615e+02 5.190761040040475791e+02 5.190211608154662599e+02 5.190397710484331810e+02 5.190115396305568538e+02 5.190882058247767645e+02 5.190535929354215341e+02 5.190978760286621991e+02 5.190109461009881215e+02 5.190287501178696630e+02 5.190742241861570392e+02 5.190258461006145581e+02 5.190704733708865888e+02 5.190386623525062078e+02 5.190376813841577359e+02 5.190285049007669613e+02 5.190814148390666105e+02 5.190960177002890532e+02
5.180965823393565870e+02 5.180490380972028106e+02 5.180512790097490097e+02 5.180464586666198556e+02 5.180346908873167422e+02 5.180991443666249552e+02 5.180827701465580049e+02 5.180257713777507433e+02 5.180175579663344934e+02 5.180491655953426289e+02 5.180795087418742924e+02 5.180963112738639893e+02 5.180108030542689903e+02 5.180093463821274327e+02 5.180020072959815707e+02 5.180713705527030015e+02 5.180537941817761975e+02 5.180888399623587475e+02 5.180333583933714863e+02 5.180945550996019620e+02 5.180197775463418566e+02 5.180532696610823677e+02 5.180239966557235221e+02 5.180807611799139067e+02 5.180912096620984357e+02 5.180681396934779741e+02 5.180577290397777688e+02 5.180168324446917723e+02 5.180700283859748652e+02 5.180307613836372411e+02 5.180619138489945499e+02 5.180342548971067345e+02 5.180085248824952942e+02 5.180681574843982844e+02 5.180394058301247924e+02 5.180544244469001569e+02 5.180743097426908434e+02
5.170312366806290356e+02 5.170884064065846815e+02 5.170257232278930815e+02 5.170889797546185491e+02 5.170329681135956434e+02 5.170583326902539056e+02 5.170351951414428413e+02 5.170068265593309889e+02 5.170508961355949396e+02 5.170612018414778959e+02 5.170720790797884092e+02 5.170345631748598407e+02 5.170287589724914596e+02 5.170277389566649617e+02 5.170104602732968715e+02 5.170921846951472389e+02 5.170192430084321131e+02 5.170076630316003730e+02 5.170922385206592935e+02 5.170034605133463401e+02 5.170160547866900060e+02 5.170126869286146984e+02 5.170022807409975485e+02 5.170769224731216127e+02 5.170626844418459314e+02 5.170152470313652202e+02 5.170943554882261424e+02 5.170353907897020918e+02 5.170565347016063242e+02 5.170737105860632710e+02 5.170672046830825366e+02 5.170637887970333395e+02 5.170394862591126639e+02 5.170503432124643268e+02 5.170971948236918934e+02 5.170943026384518362e+02 5.170264192425401006e+02
5.160246122870292993e+02 5.160062951832694580e+02 5.160526436321557640e+02 5.160599644528380168e+02 5.160683837835149461e+02 5.160856612442734104e+02 5.160594666327165214e+02 5.160727506528063486e+02 5.160249326505046383e+02 5.160345297603454355e+02 5.160155021410503196e+02 5.160165762190983969e+02 5.160691550896009403e+02 5.160529765079505751e+02 5.160591614706958126e+02 5.160716053066335007e+02 5.160525514245251770e+02 5.160360696448790350e+02 5.160027477680093853e+02 5.160402951621222201e+02 5.160219123730080355e+02 5.160064618765509294e+02 5.160310829491143068e+02 5.160509768955834033e+02 5.160334774384433558e+02 5.160131941139729861e+02 5.160819515811061819e+02 5.160389952974053358e+02 5.160902714538689224e+02 5.160546268465406001e+02 5.160493110429404169e+02 5.160253499327419604e+02 5.160843388786621517e+02 5.160054340701097999e+02 5.160698648478897894e+02 5.160969835745362388e+02 5.160783982545548270e+02
5.150994966616575539e+02 5.150780727431896366e+02 5.150091951287092797e+02 5.150038354765354143e+02 5.150521232403544900e+02 5.150467567085854625e+02 5.150936189468983457e+02 5.150317048280254539e+02 5.150890631295360436e+02 5.150017922868262303e+02 5.150539193920285470e+02 5.150127983772033531e+02 5.150599815284452916e+02 5.150600078881232093e+02 5.150200923774385728e+02 5.150808895478201066e+02 5.150639077380598110e+02 5.150390498727574595e+02 5.150817486752705463e+02 5.150073073959964631e+02 5.150789630687720546e+02 5.150134459711886166e+02 5.150288484024067657e+02 5.150834615305996067e+02 5.150445537668659881e+02 5.150609158105062306e+02 5.150124973868419147e+02 5.150588710740403258e+02 5.150721000526435773e+02 5.150954355398480402e+02 5.150681918605786223e+02 5.150286914688754223e+02 5.150796651517880491e+02 5.150055661520768808e+02 5.150069832884086054e+02 5.150411524848934732e+02 5.150795463503609426e+02
