testing_code/fall_2022/sample_topo2_topographic__elevation.txt
ncols 100
nrows 100
xllcorner 0.0
yllcorner 0.0
cellsize 10.0
[rows 34 to 50 of 100, columns 0 to 36 of 100]
6.509213401027609791e+01 5.276484553334533700e+00 4.276484553334531924e+00 4.233532565577887041e+00 3.233532565577885265e+00 4.037416430439701998e+00 4.040397313200259077e+00 3.040397313200258189e+00 4.040397313200259077e+00 4.833831151579461860e+00 3.833831151579460084e+00 4.126724370392910402e+00 3.299498055509182404e+00 4.006604836695730754e+00 4.956247242918612628e+00 5.663354024105160534e+00 5.816356515071774425e+00 6.230570077444868460e+00 5.739693074041584353e+00 4.739693074041582577e+00 4.032586292855034671e+00 5.032586292855036447e+00 5.800543326667778388e+00 6.266791599617851816e+00 5.852578037244757780e+00 5.538071223128621767e+00 5.123857660755527732e+00 4.799997472424472278e+00 3.885783910051378243e+00 4.799997472424472278e+00 4.896527203291661579e+00 3.896527203291659802e+00 3.319176934102031851e+00 2.871963338602072646e+00 2.538630005268738721e+00 3.112228572557520501e+00 3.103867688246841006e+00
6.405234813853614639e+01 5.690698115707627736e+00 4.704937086368920163e+00 3.704937086368918386e+00 4.037416430439701998e+00 3.037416430439700665e+00 3.848434193935090342e+00 2.960588624753495601e+00 3.960588624753496934e+00 4.381826475930859388e+00 3.967612913557764909e+00 3.126724370392909957e+00 4.126724370392910402e+00 4.713711617882278659e+00 5.420818399068826565e+00 5.653219808255242285e+00 4.816356515071772648e+00 5.653219808255242285e+00 5.516086276291604307e+00 4.516086276291602530e+00 3.808979495105055069e+00 4.386329764294681688e+00 5.386329764294682576e+00 5.689441330428225641e+00 4.852578037244756004e+00 5.689441330428225641e+00 6.038852252010602939e+00 5.299997472424474054e+00 4.885783910051380019e+00 5.299997472424474054e+00 5.310740765664755614e+00 4.733390496475127662e+00 4.286176900975169346e+00 3.871963338602076199e+00 3.538630005268742273e+00 3.212638788190500527e+00 3.041140203047991264e+00
6.306229481079083854e+01 5.282287355558546338e+00 4.282287355558544562e+00 4.704937086368920163e+00 4.451629992812797809e+00 3.848434193935090342e+00 2.848434193935086345e+00 3.753943075682783181e+00 4.168156638055876329e+00 3.813309563595675300e+00 2.967612913557763576e+00 3.967612913557764909e+00 3.759179902426588171e+00 4.466286683613136077e+00 5.466286683613137853e+00 5.239006245882146473e+00 4.239006245882145585e+00 5.239006245882146473e+00 5.319970141153421039e+00 4.319970141153419263e+00 3.612863359966870469e+00 4.319970141153419263e+00 5.319970141153421039e+00 5.275227768055129829e+00 4.275227768055128941e+00 5.275227768055129829e+00 5.038852252010601163e+00 5.461501982820976764e+00 5.875715545194070799e+00 5.262982025894361371e+00 4.762982025894359595e+00 4.348768463521265559e+00 3.995215072927990274e+00 3.706539938333178519e+00 3.212638788190500527e+00 2.212638788190496530e+00 2.041140203047987267e+00
6.201834783226245662e+01 5.696500917931640373e+00 4.859637624748170737e+00 5.003134732314343580e+00 4.003134732314341804e+00 3.425784463124714740e+00 3.753943075682783181e+00 2.753943075682779185e+00 3.661689954879894238e+00 2.813309563595671303e+00 3.813309563595675300e+00 4.381826475930859388e+00 4.759179902426589948e+00 5.173393464799683983e+00 5.022473618629607728e+00 4.885452855288873408e+00 3.885452855288871632e+00 4.885452855288873408e+00 5.255791038557115158e+00 4.433258057940095753e+00 3.433258057940095309e+00 4.140364839126643659e+00 5.140364839126645435e+00 4.921674377461854988e+00 3.921674377461854544e+00 4.921674377461854988e+00 4.331745470824053257e+00 4.461501982820974987e+00 5.461501982820976764e+00 4.848768463521267336e+00 3.848768463521265559e+00 3.348768463521263783e+00 2.995215072927988942e+00 2.706539938333174966e+00 2.470837677937658405e+00 3.212638788190500527e+00 2.748246984234537393e+00
6.108794976998887449e+01 6.273851187121266548e+00 5.859637624748172513e+00 5.417348294687437615e+00 4.425784463124715629e+00 4.288465559507631752e+00 3.288465559507629976e+00 3.661689954879894238e+00 2.661689954879890241e+00 3.583363909881097875e+00 3.997577472254190578e+00 4.214221405901342976e+00 4.628434968274437011e+00 5.022473618629607728e+00 4.022473618629605951e+00 4.205977037701879695e+00 3.583941510711107448e+00 4.583941510711108336e+00 4.841577476184021123e+00 3.841577476184019346e+00 3.264227206994391395e+00 3.971333988180940633e+00 4.971333988180941077e+00 4.620163032884091692e+00 3.620163032884090804e+00 4.400841811041154017e+00 3.754395201634427082e+00 4.754395201634428858e+00 5.703131247832372352e+00 5.262982025894361371e+00 4.762982025894359595e+00 3.995215072927990274e+00 3.523036519260902999e+00 3.706539938333178519e+00 2.772349022515422590e+00 3.772349022515426142e+00 3.748246984234540946e+00
6.000974902860123450e+01 6.710134572891993443e+00 6.295921010518899408e+00 5.839998025497811440e+00 4.995572340694179658e+00 3.995572340694179214e+00 4.288465559507631752e+00 4.075903517252987385e+00 3.583363909881097875e+00 2.583363909881094322e+00 3.507114624714795070e+00 3.214221405901341200e+00 4.214221405901342976e+00 4.311583900150790072e+00 3.897370337777697813e+00 3.205977037701878807e+00 4.205977037701879695e+00 4.998155073084204147e+00 5.078618116376549807e+00 4.108053445105786849e+00 3.108053445105785073e+00 4.108053445105786849e+00 4.868948498617440279e+00 4.342812934771476563e+00 3.342812934771475231e+00 3.400841811041152241e+00 4.400841811041154017e+00 4.288917685459276541e+00 4.866267954648902716e+00 5.866267954648904492e+00 5.409428635301086530e+00 4.937250081633999699e+00 4.523036519260903887e+00 3.772349022515426142e+00 3.150313495524651231e+00 4.150313495524653007e+00 4.726469426447488686e+00
5.903878634033380735e+01 6.132784303702367268e+00 5.295921010518897631e+00 6.132784303702367268e+00 5.409785903067275470e+00 4.995572340694179658e+00 4.801943377974641436e+00 3.961328382890324296e+00 2.961328382890322963e+00 3.507114624714795070e+00 2.507114624714791518e+00 3.431736788570353802e+00 3.845950350943450502e+00 3.620020239665082684e+00 2.897370337777694260e+00 3.897370337777697813e+00 4.620190600074975507e+00 5.260173801019458750e+00 4.260173801019456974e+00 3.664404554003453107e+00 2.957297772816902981e+00 3.957297772816903869e+00 3.868948498617439391e+00 3.868948498617439391e+00 3.084614045024313356e+00 4.084614045024315132e+00 4.815055373414248052e+00 5.288917685459278317e+00 5.703131247832372352e+00 6.280481517021998528e+00 6.221243741645755776e+00 5.807030179272661741e+00 5.186562584888521954e+00 4.564527057897747042e+00 3.727663764714279182e+00 4.564527057897747042e+00 4.494928170431663261e+00
5.804333685785204722e+01 5.718570741329271456e+00 4.718570741329270568e+00 5.718570741329271456e+00 5.412293680291133668e+00 4.412293680291131892e+00 3.834943411101504829e+00 3.387729815601545180e+00 3.961328382890324296e+00 3.921328187087887773e+00 3.431736788570353802e+00 2.431736788570350249e+00 3.357407373945637374e+00 2.620020239665079131e+00 3.620020239665082684e+00 4.311583900150790072e+00 4.458036802683595923e+00 4.872250365056689958e+00 4.260173801019456974e+00 3.260173801019455198e+00 2.812960205519495993e+00 3.812960205519499546e+00 3.676498408887564295e+00 2.868948498617435838e+00 3.868948498617439391e+00 3.661964314213941307e+00 4.161964314213941307e+00 4.869071095400489213e+00 5.869071095400490989e+00 5.850971078589276786e+00 5.643893472456129601e+00 4.807030179272659964e+00 5.643893472456129601e+00 5.141877327087374994e+00 4.727663764714280958e+00 4.658064877248195401e+00 3.658064877248194513e+00
5.707488791594575162e+01 5.365017350735998392e+00 4.365017350735996615e+00 5.365017350735998392e+00 5.826507242664227704e+00 5.249156973474601529e+00 4.801943377974641436e+00 3.965080084791172244e+00 4.586437326949607041e+00 3.586437326949606152e+00 3.009087057759978201e+00 3.357407373945637374e+00 2.357407373945633378e+00 3.286250567249155097e+00 3.700464129622250908e+00 3.750930021497048017e+00 3.458036802683594146e+00 4.458036802683595923e+00 4.674387363392551009e+00 3.678120233026850983e+00 2.678120233026846986e+00 3.490803070710511768e+00 2.676498408887560299e+00 3.676498408887564295e+00 3.446298767807063790e+00 4.153405548993612584e+00 5.076177876587037119e+00 5.576177876587037119e+00 5.558077859775822915e+00 4.850971078589275010e+00 5.229679910083033789e+00 4.229679910083032901e+00 5.229679910083033789e+00 5.960797337845244570e+00 5.546583775472148758e+00 5.072278439621291213e+00 4.494928170431663261e+00
5.605455303688726332e+01 5.063506006158233319e+00 4.063506006158232431e+00 5.063506006158233319e+00 5.471364560702239643e+00 5.885578123075333679e+00 5.379293647164269387e+00 4.965080084791173576e+00 5.000650889322702852e+00 4.423300620133074901e+00 4.009087057759979089e+00 3.771620936318733186e+00 3.286250567249155097e+00 2.286250567249151100e+00 3.216407537672196781e+00 2.750930021497044464e+00 3.750930021497048017e+00 4.364134505556442889e+00 3.949920943183348410e+00 3.776979753150711439e+00 3.362766190777614739e+00 2.490803070710507772e+00 3.490803070710511768e+00 4.090711971260656554e+00 4.153405548993612584e+00 4.860512330180160490e+00 5.567619111366708395e+00 5.635428128965449091e+00 5.058077859775822915e+00 4.143864297402727104e+00 4.876126519489760724e+00 3.876126519489758948e+00 4.876126519489760724e+00 5.383447068655618395e+00 4.546583775472147870e+00 5.383447068655618395e+00 4.451306020689564491e+00
5.506825597533913452e+01 4.796244764245809478e+00 3.796244764245808145e+00 4.796244764245809478e+00 4.471364560702237867e+00 5.308227853885707503e+00 5.443707625394051064e+00 5.029494063020957029e+00 5.443707625394051064e+00 4.737215864649961361e+00 3.737215864649960473e+00 3.159865595460332521e+00 2.712651999960373317e+00 3.216407537672196781e+00 2.216407537672193229e+00 3.147564698590045396e+00 3.561778260963141207e+00 3.949920943183348410e+00 2.949920943183347077e+00 3.242814161996800948e+00 2.362766190777611186e+00 3.362766190777614739e+00 3.197909851897057898e+00 3.775260121086685849e+00 4.775260121086686738e+00 5.567619111366708395e+00 5.685146935525093426e+00 5.221214566592355055e+00 4.221214566592353279e+00 3.643864297402726216e+00 4.196650701902767011e+00 3.574615174911994764e+00 4.574615174911995652e+00 4.969233506282522583e+00 3.969233506282521251e+00 4.969233506282522583e+00 4.865519583062658526e+00
5.400768100066335364e+01 4.553709139209475509e+00 3.553709139209474621e+00 4.553709139209475509e+00 3.894014291512610804e+00 4.861014258385747411e+00 4.943707625394051064e+00 4.029494063020955252e+00 4.943707625394051064e+00 5.151429427023057173e+00 4.574079157833429221e+00 3.712651999960376870e+00 3.290002269150001268e+00 3.216407537672196781e+00 3.147564698590045396e+00 2.147564698590041399e+00 3.079126107507129895e+00 3.493339669880225706e+00 3.126171793292839673e+00 2.242814161996797395e+00 3.242814161996800948e+00 2.754998461053980385e+00 3.462105242240530067e+00 4.462105242240530956e+00 5.189473683459782549e+00 5.392253716711639555e+00 4.685146935525091649e+00 5.392253716711639555e+00 5.058077859775822915e+00 4.196650701902767011e+00 3.196650701902766567e+00 4.196650701902767011e+00 4.988828737285091464e+00 4.615680115689247742e+00 3.615680115689246854e+00 4.322786896875795648e+00 5.322786896875797424e+00
5.300496729521024974e+01 4.330102341459495463e+00 3.330102341459495019e+00 4.035218429149701080e+00 3.446800696012651599e+00 4.446800696012653376e+00 4.529494063020957029e+00 3.529494063020955252e+00 4.529494063020957029e+00 5.125359528410681875e+00 5.126865562333472681e+00 4.704215831523097080e+00 4.290002269150003045e+00 4.216407537672198558e+00 3.561778260963141207e+00 3.079126107507129895e+00 2.079126107507125898e+00 3.011084725763152115e+00 2.126171793292836121e+00 3.126171793292839673e+00 3.657027724369897648e+00 3.754998461053983938e+00 3.226402981845013507e+00 3.803753251034641458e+00 4.803753251034642346e+00 4.978040154338543744e+00 3.978040154338543299e+00 4.443517670513694284e+00 4.714775246584704149e+00 3.714775246584702373e+00 3.007668465398152247e+00 4.007668465398152691e+00 4.822455601664239921e+00 4.327004981094434655e+00 3.327004981094432878e+00 4.034111762280980784e+00 5.034111762280982560e+00
5.203376673725333035e+01 4.744315903832591275e+00 4.035218429149701080e+00 3.035218429149699748e+00 3.093247305419376758e+00 4.093247305419378534e+00 4.196160729687623103e+00 3.196160729687621327e+00 3.711145966037585175e+00 4.711145966037586064e+00 5.330037498874308000e+00 4.861083571714170048e+00 4.446870009341074237e+00 4.861083571714170048e+00 4.142833477439546996e+00 3.493339669880225706e+00 3.011084725763152115e+00 2.011084725763148562e+00 3.011084725763152115e+00 3.540385355665936373e+00 3.882005084616215740e+00 4.296218646989307999e+00 3.803753251034641458e+00 4.226402981845014395e+00 5.217966813407738158e+00 5.392253716711639555e+00 4.443517670513694284e+00 3.443517670513693396e+00 3.996304075013735524e+00 3.830891770101518823e+00 2.830891770101514826e+00 3.408242039291143222e+00 4.408242039291144110e+00 4.077004981094432878e+00 3.077004981094431990e+00 3.784111762280981672e+00 4.784111762280982560e+00
5.104287772958674196e+01 4.742325210336250763e+00 3.742325210336249874e+00 3.777019539402541426e+00 2.777019539402537873e+00 3.561353992995663909e+00 3.894649385109860695e+00 2.894649385109857143e+00 3.894649385109860695e+00 3.915823936501210856e+00 4.915823936501212188e+00 4.361083571714168272e+00 3.446870009341073349e+00 4.361083571714168272e+00 3.728619915066453849e+00 2.728619915066450297e+00 2.912123334138725816e+00 1.969810308592498505e+00 2.247160406705114077e+00 2.548671751282878262e+00 2.882005084616212187e+00 3.882005084616215740e+00 4.803753251034642346e+00 5.217966813407738158e+00 5.640616544218110207e+00 5.073654344203363920e+00 4.073654344203362143e+00 3.496304075013735968e+00 2.996304075013734192e+00 3.642750684420462903e+00 2.666492782796157091e+00 3.373599563982707217e+00 4.373599563982708105e+00 3.853398183344456385e+00 2.853398183344452388e+00 3.560504964531002514e+00 4.560504964531004291e+00
5.001289815604239664e+01 5.156538772709346574e+00 4.742325210336250763e+00 4.191233101775633685e+00 3.268460774182210038e+00 2.561353992995660356e+00 3.357229847763732344e+00 2.652113760073523618e+00 3.099327355573483267e+00 4.099327355573484155e+00 4.712742813543819409e+00 3.946870009341072905e+00 2.946870009341071572e+00 3.946870009341072905e+00 3.814817543472122097e+00 2.912123334138725816e+00 1.912123334138722264e+00 2.912123334138725816e+00 3.247160406705117630e+00 3.548671751282881814e+00 3.882005084616215740e+00 3.589111865802761869e+00 4.296218646989309775e+00 5.296218646989311551e+00 5.732238285650058884e+00 5.487867906576457955e+00 4.667314549110047395e+00 3.667314549110046507e+00 3.089964279920418555e+00 2.642750684420459351e+00 2.508378899787737648e+00 3.508378899787741645e+00 4.192910957020574259e+00 3.649274038112523932e+00 2.649274038112520380e+00 3.649274038112523932e+00 4.448387779945369047e+00
4.900654844740517291e+01 5.322632948998300861e+00 4.908419386625205050e+00 4.682674336555306738e+00 3.975567555368756612e+00 3.357229847763732344e+00 2.357229847763728348e+00 3.193930531578186738e+00 3.482032670242999117e+00 3.298529251170723597e+00 4.298529251170725374e+00 3.613536676007741200e+00 2.613536676007737647e+00 3.613536676007741200e+00 2.814817543472118544e+00 2.814817543472118544e+00 1.871567978856031544e+00 2.160243113450845520e+00 2.476470879467684405e+00 2.976470879467686181e+00 3.553821148657314133e+00 4.553821148657315021e+00 5.003325428175857681e+00 5.439345066836605014e+00 4.732238285650057108e+00 5.439345066836605014e+00 5.081528111483143206e+00 4.504177842293515255e+00 4.056964246793555162e+00 3.354075549825648928e+00 2.354075549825645375e+00 3.192910957020572482e+00 3.192910957020572482e+00 3.456823948382647949e+00 2.456823948382644396e+00 3.034174217572272347e+00 4.034174217572273236e+00
