testing_code/fall_2022/sample_topo2_topographic__elevation.txt
ncols 100
nrows 100
xllcorner 0.0
yllcorner 0.0
cellsize 10.0
[rows 68 to 84 of 100, columns 0 to 36 of 100]
3.103474999955651370e+01 3.868255090056673673e+00 3.290904820867045721e+00 2.843691225367086517e+00 2.429477662993990705e+00 2.030185337026081172e+00 1.030185337026077397e+00 1.985553152758333439e+00 1.485553152758333439e+00 2.485553152758336992e+00 2.022095186459208271e+00 2.205598605531483791e+00 1.369997592836837530e+00 2.077104374023387656e+00 2.541496177979350790e+00 3.402923335852405806e+00 3.980273605042029761e+00 3.799978538586801236e+00 2.799978538586797683e+00 3.799978538586801236e+00 4.179705102151499929e+00 3.808733976430853652e+00 2.808733976430850099e+00 2.101627195244300417e+00 1.601627195244298196e+00 2.433790923584964183e+00 2.848004485958059995e+00 1.983422404821500340e+00 2.983422404821504337e+00 3.178825928036989268e+00 2.995322508964713748e+00 3.995322508964715080e+00 3.160312788746762358e+00 2.746099226373665658e+00 2.340697217467610614e+00 1.816387278581875764e+00 8.163872785818742095e-01
3.004228991416757566e+01 3.817802496124663492e+00 2.817802496124659939e+00 2.817802496124659939e+00 2.243386053381692058e+00 1.243386053381688061e+00 1.985553152758333439e+00 9.855531527583321072e-01 1.941185327287527684e+00 2.355398889660626160e+00 2.049424843642877470e+00 1.205598605531480016e+00 2.205598605531483791e+00 2.784211155209937338e+00 3.491317936396487909e+00 3.955709740352447046e+00 4.059396180699744505e+00 3.446425147993526394e+00 2.446425147993522842e+00 3.363208521223773673e+00 3.179705102151498153e+00 4.179705102151499929e+00 3.515840757617400669e+00 2.601627195244302193e+00 2.433790923584964183e+00 1.433790923584960186e+00 2.273662769779876136e+00 1.681911060243736156e+00 2.601475658847361316e+00 2.178825928036985715e+00 3.178825928036989268e+00 3.691827147929283903e+00 4.106040710302377050e+00 3.219848957176916215e+00 2.805635394803820404e+00 2.230600840954974018e+00 1.707922049672547571e+00
2.902893750891725588e+01 3.524909277311209621e+00 2.524909277311206068e+00 1.817802496124655942e+00 1.464249105531381545e+00 2.243386053381692058e+00 2.399766715131431916e+00 1.941185327287527684e+00 9.411853272875263521e-01 1.896926273310270306e+00 1.049424843642873695e+00 2.049424843642877470e+00 2.205598605531483791e+00 3.205598605531487344e+00 4.030404719551484050e+00 3.616191157178390903e+00 3.645182618326651358e+00 2.645182618326647805e+00 2.130197381976683957e+00 2.363208521223770120e+00 3.070315302410319802e+00 4.070315302410321578e+00 4.015840757617398893e+00 3.250287504512692216e+00 2.250287504512688663e+00 2.273662769779876136e+00 1.273662769779872583e+00 2.130071138056328195e+00 1.601475658847357320e+00 2.601475658847361316e+00 3.226550070314346819e+00 2.691827147929280351e+00 3.114476878739655952e+00 2.805635394803820404e+00 1.805635394803816407e+00 2.098528613617270722e+00 1.996406019913318008e+00
2.805125576366486939e+01 3.817802496124663492e+00 2.817802496124659939e+00 2.641025800828022518e+00 1.641025800828018744e+00 2.641025800828022518e+00 2.992436141913421110e+00 2.355398889660626160e+00 1.896926273310270306e+00 8.969262733102687513e-01 1.896926273310270306e+00 2.463638406015973281e+00 2.992752520555033158e+00 3.406966082928128969e+00 3.616191157178390903e+00 2.616191157178387350e+00 2.909084375991841220e+00 2.828686037398923325e+00 1.828686037398919328e+00 2.828686037398923325e+00 3.416739927549316214e+00 3.994090196738940168e+00 4.556717494968660631e+00 3.664501066885788916e+00 2.980769550966425818e+00 1.980769550966421821e+00 2.130071138056328195e+00 1.130071138056324642e+00 1.995839927013520754e+00 1.812336507941247010e+00 2.812336507941251007e+00 2.114476878739652399e+00 2.114476878739652399e+00 2.821583659926202081e+00 2.098528613617270722e+00 1.098528613617267169e+00 1.564006129792420818e+00
2.708534095332704794e+01 3.620298108990481545e+00 2.620298108990477992e+00 1.913191327803927866e+00 2.641025800828022518e+00 3.055239363201118330e+00 2.578222579540325299e+00 1.578222579540321302e+00 1.200258106531093105e+00 8.669247731977594018e-01 1.824685912888209804e+00 2.238899475261308503e+00 1.992752520555029161e+00 2.829615813738501906e+00 3.373825713869105236e+00 2.909084375991841220e+00 1.909084375991837224e+00 2.374561892166989985e+00 1.624561892166987320e+00 2.002526365176215961e+00 2.579876634365843913e+00 3.579876634365847465e+00 3.556717494968658855e+00 4.263824276155204984e+00 3.394983113339521630e+00 2.980769550966425818e+00 2.130071138056328195e+00 1.702946708200068660e+00 9.958399270135194215e-01 1.866199182303087900e+00 2.280412744676186598e+00 2.407370097553106270e+00 1.407370097553102273e+00 1.935965576762071372e+00 1.960049883111942393e+00 1.545836320738847025e+00 5.640061297924169326e-01
2.605796984041005615e+01 3.694665742225491378e+00 2.694665742225487826e+00 2.117315473035859874e+00 3.117315473035863427e+00 3.394719160468053332e+00 2.394719160468049779e+00 2.578222579540325299e+00 2.200258106531096658e+00 1.824685912888209804e+00 8.246859128882082501e-01 1.782946719331725660e+00 1.415402251365401654e+00 2.373825713869101683e+00 2.373825713869101683e+00 3.024033813239053181e+00 2.374561892166989985e+00 1.374561892166986654e+00 2.374561892166989985e+00 3.002526365176219514e+00 3.416739927549316214e+00 3.763824276155207649e+00 2.849610713782109173e+00 3.349610713782110949e+00 4.349610713782112725e+00 3.544284700429428447e+00 3.117160270573168468e+00 2.410053489386619674e+00 1.866199182303087900e+00 8.661991823030863458e-01 1.739199055302897312e+00 2.153412617675996010e+00 1.935965576762071372e+00 9.359655767620698175e-01 1.527717286298208021e+00 5.458363207388454708e-01 1.545836320738847025e+00
2.509041221178575043e+01 4.108879304598584525e+00 3.346731206906426337e+00 2.346731206906422340e+00 3.346731206906426337e+00 3.808932722841150031e+00 3.176015657847472085e+00 2.369569825198007074e+00 1.369569825198003521e+00 1.119569825198003077e+00 1.782946719331725660e+00 7.829467193317241058e-01 1.741370181835424802e+00 1.373825713869098131e+00 2.373825713869101683e+00 2.024033813239049628e+00 2.024033813239049628e+00 1.222063321834381711e+00 1.669276917334340471e+00 2.246627186523968867e+00 3.246627186523972419e+00 3.349610713782110949e+00 2.349610713782107396e+00 3.016277380448777024e+00 4.016277380448778800e+00 3.794853567340203071e+00 2.794853567340199518e+00 2.794853567340199518e+00 2.280412744676186598e+00 1.739199055302897312e+00 7.391990553028957578e-01 1.614684494029959172e+00 1.923835561337121192e+00 1.509621998964025824e+00 5.277172862982064672e-01 1.527717286298208021e+00 8.040352104860066795e-01
2.408029406028710184e+01 4.163227787834152593e+00 3.163227787834150817e+00 2.624081305019037913e+00 3.624081305019041466e+00 3.468908876660925955e+00 2.468908876660922402e+00 1.761802095474372276e+00 2.369569825198007074e+00 1.527818115661867093e+00 2.197160281704824136e+00 1.741370181835424802e+00 7.413701818354209161e-01 1.700007590205870445e+00 2.114221152578968699e+00 1.838338475061995547e+00 1.024033813239046298e+00 1.731140594425595758e+00 2.222063321834385263e+00 3.083490479707440279e+00 3.660840748897069119e+00 3.016277380448777024e+00 2.016277380448773471e+00 2.723384161635323153e+00 3.723384161635326706e+00 3.501960348526749200e+00 2.501960348526745648e+00 1.794853567340195966e+00 2.260331083515349171e+00 2.153412617675996010e+00 1.614684494029959172e+00 6.146844940299576177e-01 1.491593003050626365e+00 5.096219989640242698e-01 1.509621998964025824e+00 1.941930848671303167e+00 1.804035210486008234e+00
2.304037252567882277e+01 4.577441350207246629e+00 3.624081305019041466e+00 2.957414638352371838e+00 3.957414638352373171e+00 3.261802095474378049e+00 2.261802095474374497e+00 2.761802095474376273e+00 2.942031678034966902e+00 2.027818115661869314e+00 2.448476963021974484e+00 1.448476963021970487e+00 1.700007590205870445e+00 7.000075902058688904e-01 1.658733173035220609e+00 8.383384750619939929e-01 1.838338475061995547e+00 2.438247375612146328e+00 3.145354156798696010e+00 3.636276884207485516e+00 3.513940061868823683e+00 2.758078490701615593e+00 1.758078490701611596e+00 2.758078490701615593e+00 3.196396827652369765e+00 3.610610390025466465e+00 3.209067129713296218e+00 2.260331083515349171e+00 1.260331083515345618e+00 1.833929650804125178e+00 1.887973574009952804e+00 1.473760011636857437e+00 4.915930030506248105e-01 1.491593003050626365e+00 7.304850511137174207e-01 1.730485051113718864e+00 2.374114347357378918e+00
2.208575608572762050e+01 5.038294867392137277e+00 4.371628200725467650e+00 3.404628233852331043e+00 4.371628200725467650e+00 3.676015657847474749e+00 2.761802095474376273e+00 3.676015657847474749e+00 3.442031678034969566e+00 2.734924896848418996e+00 2.862690525395070296e+00 2.448476963021974484e+00 2.114221152578968699e+00 1.658733173035220609e+00 6.587331730352190551e-01 1.658733173035220609e+00 2.252552037435093801e+00 2.757585241774370921e+00 2.757585241774370921e+00 3.171798804147466733e+00 3.099726499495726983e+00 2.099726499495723431e+00 1.522376230306095479e+00 2.522376230306099032e+00 2.196396827652366213e+00 3.033260120835838514e+00 3.052891460420537939e+00 2.674544645888445871e+00 1.833929650804125178e+00 8.339296508041236233e-01 1.455965177794897869e+00 4.737600116368558822e-01 1.473760011636857437e+00 1.905806565423721732e+00 1.730485051113718864e+00 9.599007849842793316e-01 1.959900784984280886e+00
2.103010560449763844e+01 5.576178376999862962e+00 4.818841796225427743e+00 4.111735015038879837e+00 4.818841796225427743e+00 4.176015657847472085e+00 3.761802095474379826e+00 4.176015657847472085e+00 4.149138459221514807e+00 3.568959726111923025e+00 2.568959726111919473e+00 1.861852944925369790e+00 1.361852944925368458e+00 9.838884719161402614e-01 6.303350813228657534e-01 1.590351071729262822e+00 2.004564634102361076e+00 1.757585241774366924e+00 1.757585241774366924e+00 2.757585241774370921e+00 3.020968597435573777e+00 2.020968597435570224e+00 1.313861816249020098e+00 2.041696289273114751e+00 1.619046558462738261e+00 2.619046558462741814e+00 2.052891460420534386e+00 2.052891460420534386e+00 1.852410611593088507e+00 1.438197049219992252e+00 4.559651777948962592e-01 1.455965177794897869e+00 7.686439239466502649e-01 1.768643923946651819e+00 2.374114347357378918e+00 1.959900784984280886e+00 1.206083766942945168e+00
2.001140670907884811e+01 4.576178376999871844e+00 5.283285158186410868e+00 5.111735015038881613e+00 5.223773536678395502e+00 4.809559974305299690e+00 4.698318658508474854e+00 4.284105096135380819e+00 4.223470086374858212e+00 3.809256524001765953e+00 3.276066507298470043e+00 2.776066507298468267e+00 2.361852944925372455e+00 1.630335081322867197e+00 1.590351071729262822e+00 5.903510717292612675e-01 1.550478460587817686e+00 1.050478460587817686e+00 2.050478460587821239e+00 2.583170291223591875e+00 2.997383853596687686e+00 2.728075378622119906e+00 2.041696289273114751e+00 1.041696289273110976e+00 1.809201011785473545e+00 2.223414574158572243e+00 2.052891460420534386e+00 1.052891460420530390e+00 1.420435928386855284e+00 4.381970492199883660e-01 1.438197049219992252e+00 1.455965177794897869e+00 1.768643923946651819e+00 1.084871689963488706e+00 2.084871689963492258e+00 2.620297329316045420e+00 2.206083766942948721e+00
1.904940147565392294e+01 3.869071595813329267e+00 4.783285158186410868e+00 4.933877897092802556e+00 4.809559974305299690e+00 3.809559974305298802e+00 4.102453193118750008e+00 3.284105096135379043e+00 3.467608515207654563e+00 2.809256524001762401e+00 3.646119817185234702e+00 3.753518923430070764e+00 3.044548643695967449e+00 2.406847652656992409e+00 1.406847652656988856e+00 1.550478460587817686e+00 5.504784605878162429e-01 1.510841458823349193e+00 1.925055021196445448e+00 1.583170291223587878e+00 2.005820022033963923e+00 3.005820022033967476e+00 2.455909851646210562e+00 1.516307792972021229e+00 8.092010117854719908e-01 1.593535465378598914e+00 1.816938582085555254e+00 1.402725019712459886e+00 4.204359283868536745e-01 1.420435928386855284e+00 1.852410611593088507e+00 2.455965177794901422e+00 2.499085252336588958e+00 2.084871689963492258e+00 1.438425080556763103e+00 2.438425080556767099e+00 2.686545725210984337e+00
1.803101302940289941e+01 3.369071595813330156e+00 4.117381316165081628e+00 3.933877897092810549e+00 4.933877897092802556e+00 4.102453193118750008e+00 3.102453193118749120e+00 2.769119859785415194e+00 2.467608515207651010e+00 2.231906254812134449e+00 2.937022342502342731e+00 2.753518923430067211e+00 3.753518923430070764e+00 2.821061215030089109e+00 2.257585241774369145e+00 1.257585241774365592e+00 1.510841458823349193e+00 5.108414588233453069e-01 1.471297538209111355e+00 1.005820022033960370e+00 2.005820022033963923e+00 2.846181844170483366e+00 2.930521355345121037e+00 2.223414574158572243e+00 1.593535465378598914e+00 5.935354653785950285e-01 1.385021051321521757e+00 4.027250197124583320e-01 1.402725019712459886e+00 6.876971702992782376e-01 1.687697170299279792e+00 2.348504355783129327e+00 2.762717918156226027e+00 2.852638642929862911e+00 2.145531861743313229e+00 1.864826513267984875e+00 2.864826513267988872e+00
1.701303635835976280e+01 2.960823305349467915e+00 3.117381316165089622e+00 3.824488097351635751e+00 4.824488097351627758e+00 4.516666755491845819e+00 4.102453193118750008e+00 3.769119859785418747e+00 3.174715296394200692e+00 2.937022342502342731e+00 1.937022342502339178e+00 2.683022088501961555e+00 3.097235650875057367e+00 3.583479379911914009e+00 2.671798804147465844e+00 2.257585241774369145e+00 1.510841458823349193e+00 1.471297538209111355e+00 4.712975382091098564e-01 1.431968281797383336e+00 1.431968281797383336e+00 2.099866913115043587e+00 2.514080475488140287e+00 2.349796111541039068e+00 1.781600973298152146e+00 1.367387410925056779e+00 3.850210513215201469e-01 1.385021051321521757e+00 1.816938582085555254e+00 1.687697170299279792e+00 9.705398827738977996e-01 1.348504355783125774e+00 1.925854624972753282e+00 2.925854624972757279e+00 3.145531861743316782e+00 2.198159846601319245e+00 3.198159846601322798e+00
1.602550969840532957e+01 2.582858832340241051e+00 3.289965613526787180e+00 4.289965613526778299e+00 4.425822115835053694e+00 4.011608553461959659e+00 4.425822115835053694e+00 4.588928858767296504e+00 3.937022342502344063e+00 2.937022342502342731e+00 2.683022088501961555e+00 1.683022088501957558e+00 2.169265817538813756e+00 2.876372598725364327e+00 3.377195130660154199e+00 2.925055021196449445e+00 2.178404319395663258e+00 1.178404319395659261e+00 1.431968281797383336e+00 4.319682817973817257e-01 1.392760131928492129e+00 1.099866913115040035e+00 2.099866913115043587e+00 1.349796111541035737e+00 1.349796111541035737e+00 3.673874109250551689e-01 1.367387410925056779e+00 1.385021051321521757e+00 2.385021051321525754e+00 2.213075507810234654e+00 1.213075507810231102e+00 2.213075507810234654e+00 2.762717918156226027e+00 3.340068187345853090e+00 3.612373408974419497e+00 2.645373442101278449e+00 3.612373408974419497e+00
1.505398762161882864e+01 2.340323207303908415e+00 3.047429988490454988e+00 4.047429988490446107e+00 3.925822115835052362e+00 3.011608553461957882e+00 3.925822115835052362e+00 4.388765306169505109e+00 3.837722626881217458e+00 2.837722626881213905e+00 2.260372357691585954e+00 2.462159036352267627e+00 1.462159036352264074e+00 1.962981568287054390e+00 2.670088349473604517e+00 3.247438618663232468e+00 2.592617881768759069e+00 2.178404319395663258e+00 1.248464862725108482e+00 1.392760131928492129e+00 3.927601319284905745e-01 1.353671976678789246e+00 1.746426534391106067e+00 1.332212972018010699e+00 3.497961115410341826e-01 1.349796111541035737e+00 6.395529379009641247e-01 1.639552937900965679e+00 2.342441634868877465e+00 2.627289070183331354e+00 1.920182288996780340e+00 1.639476940521452875e+00 2.086690536021412079e+00 2.664040805211040031e+00 3.664040805211043583e+00 3.222723711290906401e+00 4.059587004474375149e+00
