testing_code/fall_2022/sample_topo2_topographic__elevation.txt
ncols 100
nrows 100
xllcorner 0.0
yllcorner 0.0
cellsize 10.0
[rows 17 to 33 of 100, columns 0 to 36 of 100]
8.205698989289560075e+01 7.722450850377953202e+00 7.222450850377953202e+00 6.775237254877994886e+00 6.007470301911626009e+00 5.007470301911625121e+00 5.761287319952961283e+00 5.345019808482158297e+00 5.552126589668706202e+00 6.552126589668707979e+00 6.591824350854524894e+00 5.591824350854523118e+00 4.884717569667975212e+00 4.384717569667974324e+00 4.850195085843125753e+00 5.264408648216221565e+00 5.220620211376250097e+00 4.643269942186622146e+00 4.229056379813526334e+00 3.996330772933071263e+00 3.512945764173371010e+00 2.512945764173367014e+00 3.448193373349552893e+00 3.862406935722649592e+00 3.497738287169108062e+00 2.612825354698792069e+00 3.612825354698795621e+00 4.144080064268019115e+00 4.851186845454568797e+00 5.236847049018601652e+00 4.822633486645507617e+00 4.089894728557929682e+00 4.273398147630203425e+00 3.597840989891729180e+00 4.097840989891729180e+00 4.804947771078277086e+00 5.804947771078278862e+00
8.109210609827852068e+01 7.308237288004859167e+00 6.308237288004857390e+00 5.808237288004857390e+00 5.454683897411583438e+00 5.761287319952961283e+00 4.761287319952959507e+00 4.845019808482158297e+00 5.845019808482160073e+00 6.390219200338375316e+00 6.967569469528001491e+00 6.298931132041071024e+00 5.798931132041071024e+00 5.384717569667975212e+00 5.542819884058809876e+00 4.835713102872261970e+00 4.421499540499166159e+00 4.241894238472390555e+00 4.075227571805722704e+00 3.710975272768706645e+00 2.710975272768702649e+00 3.448193373349552893e+00 2.448193373349549340e+00 3.383777710709470199e+00 2.497738287169104510e+00 3.497738287169108062e+00 4.027038917071887880e+00 4.904991285977182258e+00 4.891754988881906741e+00 4.477541426508812705e+00 3.822633486645505840e+00 4.006136905717779584e+00 3.273398147630202981e+00 3.850748416819831377e+00 4.850748416819833153e+00 5.512054552264824991e+00 5.819375052607373533e+00
8.001347141641902283e+01 7.722450850377953202e+00 7.222450850377953202e+00 6.808237288004859167e+00 6.454683897411584326e+00 6.175500882326055319e+00 5.528792042465321188e+00 4.528792042465320300e+00 4.976005637965278616e+00 5.553355907154905680e+00 6.553355907154907456e+00 6.239055913392443031e+00 5.739055913392443031e+00 5.324842351019347220e+00 4.946877878010120355e+00 4.128606321685714065e+00 3.421499540499165271e+00 3.241894238472389667e+00 3.075227571805722260e+00 2.915099418000634657e+00 3.710975272768706645e+00 3.862406935722649592e+00 3.383777710709470199e+00 2.383777710709466202e+00 3.327963153490874681e+00 3.742176715863971381e+00 3.904991285977180926e+00 3.904991285977180926e+00 4.477541426508812705e+00 3.477541426508810929e+00 3.770434645322264799e+00 3.006136905717777807e+00 3.713243686904327490e+00 4.687611710003299237e+00 5.264961979192927188e+00 5.526481833793919662e+00 4.819375052607371757e+00
7.903376390202352297e+01 7.282242196242796339e+00 6.782242196242796339e+00 6.368028633869702304e+00 6.034695300536368379e+00 5.746020165941555291e+00 5.392709278977367404e+00 4.392709278977365628e+00 5.392709278977367404e+00 6.121683201143914843e+00 6.699033470333541018e+00 5.824842351019348996e+00 4.824842351019347220e+00 4.324842351019346331e+00 3.946877878010119023e+00 3.704342252973785499e+00 4.421499540499166159e+00 3.819244507662017618e+00 4.075227571805722704e+00 3.268652808593909498e+00 4.268652808593911274e+00 4.200274291637196455e+00 3.200274291637194679e+00 3.327963153490874681e+00 2.327963153490871129e+00 3.272535753943505377e+00 2.904991285977179594e+00 3.904991285977180926e+00 3.973829697017464913e+00 3.559616134644372210e+00 2.770434645322261247e+00 3.477541426508810929e+00 4.420350468090873619e+00 5.127457249277423301e+00 5.543262174801171227e+00 5.079268238293961346e+00 4.112268271420823851e+00
7.801961704154389565e+01 6.868028633869702304e+00 5.868028633869700528e+00 5.368028633869700528e+00 5.034695300536366602e+00 4.746020165941553515e+00 4.487821276194392084e+00 4.260256043270860715e+00 4.707469638770819031e+00 5.284819907960445207e+00 6.284819907960446983e+00 6.239055913392443031e+00 5.481400361834969814e+00 4.481400361834968038e+00 4.946877878010120355e+00 4.082306725983013251e+00 5.082306725983015028e+00 4.526351288848566412e+00 4.682866370967005309e+00 3.768652808593911274e+00 4.682866370967005309e+00 4.614487854010290491e+00 3.960418685524550231e+00 2.960418685524548899e+00 3.272535753943505377e+00 2.272535753943501824e+00 3.217487565687187079e+00 3.631701128060283779e+00 3.359616134644372032e+00 2.559616134644368657e+00 3.559616134644372210e+00 4.184648207695357058e+00 4.891754988881906741e+00 5.336155393614623321e+00 4.836155393614623321e+00 4.129048612428075415e+00 3.665054675920865535e+00
7.701157265254896345e+01 7.282242196242796339e+00 6.782242196242796339e+00 6.368028633869702304e+00 6.034695300536368379e+00 5.746020165941555291e+00 5.134267885601119019e+00 4.134267885601118131e+00 5.134267885601119019e+00 5.710723083452879933e+00 6.124936645825975745e+00 6.624936645825975745e+00 5.895613924208063850e+00 4.981400361834968038e+00 5.496520288356109063e+00 4.659656995172639427e+00 5.496520288356109063e+00 5.526351288848568188e+00 5.182866370967007086e+00 4.768652808593913051e+00 5.182866370967007086e+00 4.960418685524551563e+00 3.960418685524550231e+00 3.960418685524550231e+00 3.686749316316602076e+00 3.217487565687187079e+00 2.217487565687183526e+00 3.165358962172918567e+00 2.359616134644368035e+00 3.359616134644372032e+00 3.973829697017464913e+00 4.697594298111415156e+00 4.765912076688556098e+00 4.351698514315460287e+00 3.921941831241526177e+00 3.421941831241526621e+00 3.287090202911636894e+00
7.609279557543192141e+01 7.483002694344298433e+00 7.068789131971204398e+00 6.808293409902447024e+00 5.808293409902445248e+00 5.101186628715897342e+00 4.523836359526271167e+00 4.023836359526271167e+00 4.357169692859605092e+00 4.710723083452879045e+00 5.210723083452879933e+00 6.210723083452881710e+00 6.395613924208063850e+00 5.688507143021515944e+00 6.073870557545735238e+00 5.659656995172641203e+00 5.514984616812563800e+00 5.100771054439467989e+00 4.767437721106134063e+00 4.500176479193710222e+00 4.250176479193708445e+00 4.014474218798191885e+00 3.854346064993107390e+00 3.701847494660501781e+00 3.384154232353854042e+00 2.384154232353850489e+00 3.165358962172918567e+00 2.165358962172914570e+00 3.115138766077735433e+00 3.529352328450832132e+00 3.697594298111413380e+00 3.697594298111413380e+00 4.351698514315460287e+00 3.351698514315459398e+00 3.644591733128913269e+00 2.921941831241524845e+00 3.499292100431152797e+00
7.505761017691060033e+01 6.905652425154672258e+00 6.068789131971202622e+00 6.905652425154672258e+00 6.206231337286482130e+00 5.206231337286480354e+00 4.499124556099931560e+00 3.921774286910304941e+00 4.628881068096852403e+00 5.628881068096854179e+00 6.124936645825975745e+00 6.624936645825975745e+00 7.017046117013666873e+00 6.688507143021517720e+00 6.125334919129054256e+00 5.125334919129052480e+00 4.547984649939425417e+00 4.100771054439467100e+00 3.767437721106133619e+00 3.500176479193708445e+00 3.250176479193707557e+00 3.014474218798190996e+00 2.854346064993103393e+00 2.701847494660498228e+00 2.554405538505600592e+00 3.384154232353854042e+00 3.579572524546014378e+00 3.115138766077735433e+00 2.115138766077731880e+00 3.065138766077735610e+00 2.697594298111409827e+00 3.697594298111413380e+00 3.819759573635129968e+00 3.405546011262033268e+00 2.644591733128909272e+00 3.351698514315459398e+00 4.336155393614621545e+00
7.406143988739077599e+01 6.491438862781576447e+00 5.491438862781575558e+00 6.491438862781576447e+00 6.107216582988813869e+00 5.107216582988812092e+00 4.400109801802264187e+00 3.822759532612637123e+00 4.400109801802264187e+00 5.107216582988812092e+00 6.107216582988813869e+00 6.724152898200213002e+00 6.017046117013665096e+00 6.724152898200213002e+00 6.539548481502148292e+00 5.962198212312522116e+00 5.514984616812563800e+00 4.767437721106134063e+00 4.767437721106134063e+00 4.347807552131525810e+00 3.347807552131524922e+00 4.014474218798191885e+00 3.561452846179653520e+00 3.701847494660501781e+00 2.767606254861211479e+00 3.767606254861215476e+00 3.931635347005461245e+00 2.931635347005459913e+00 3.065138766077735610e+00 2.065138766077731614e+00 3.015540131013390912e+00 3.429753693386487612e+00 3.181939213512054110e+00 2.405546011262029715e+00 3.405546011262033268e+00 4.058805295502006416e+00 4.765912076688556098e+00
7.308661755544491712e+01 6.137885472188303382e+00 5.137885472188301605e+00 6.137885472188303382e+00 6.011433954466697926e+00 5.011433954466696150e+00 4.304327173280148244e+00 3.726976904090521625e+00 4.304327173280148244e+00 5.011433954466696150e+00 6.011433954466697926e+00 6.309939335827118967e+00 5.309939335827117191e+00 6.309939335827118967e+00 7.012865558779770581e+00 6.598651996406676545e+00 6.181651283479229875e+00 5.317390091597522073e+00 4.317390091597520296e+00 3.740039822407894121e+00 4.054914333318073716e+00 4.762021114504621622e+00 4.561452846179655296e+00 3.991213052611192413e+00 2.991213052611191081e+00 3.991213052611192413e+00 4.345848909378556613e+00 3.697594298111413380e+00 2.697594298111409827e+00 3.015540131013390912e+00 2.015540131013387359e+00 2.966273667105176592e+00 2.181939213512050113e+00 3.181939213512054110e+00 3.819759573635129968e+00 4.504210479374378906e+00 4.591455635792147660e+00
7.202185676900312217e+01 5.836374127610538309e+00 4.836374127610537421e+00 5.836374127610538309e+00 5.918586285378172107e+00 4.918586285378170331e+00 4.211479504191622425e+00 3.634129235001995362e+00 4.211479504191622425e+00 4.918586285378170331e+00 5.918586285378172107e+00 5.931974862817890326e+00 4.931974862817889438e+00 5.931974862817890326e+00 6.435515289590144405e+00 5.598651996406674769e+00 6.435515289590144405e+00 5.731603653970616108e+00 4.740039822407895898e+00 4.118004295417121874e+00 5.054914333318075492e+00 5.103085805625671156e+00 4.103085805625669380e+00 3.525735536436042317e+00 3.307440818628029966e+00 4.307440818628030854e+00 4.514090879039139637e+00 3.514090879039137860e+00 3.550062614838242148e+00 2.550062614838238595e+00 2.966273667105176592e+00 1.966273667105172596e+00 2.918354868586900075e+00 3.332568430959996775e+00 3.504210479374378018e+00 3.504210479374378018e+00 4.177242073419051849e+00
7.101399754622417504e+01 5.569112885698114468e+00 4.569112885698112692e+00 5.569112885698114468e+00 5.828419321911427531e+00 4.828419321911425754e+00 4.121312540724877849e+00 3.543962271535251674e+00 4.121312540724877849e+00 4.828419321911425754e+00 5.828419321911427531e+00 5.615747096801053218e+00 4.615747096801051441e+00 5.615747096801053218e+00 6.021301727217050370e+00 5.021301727217048594e+00 6.021301727217050370e+00 6.154253384780991709e+00 5.532217857790218574e+00 4.618004295417122762e+00 5.532217857790218574e+00 5.517299367998765192e+00 4.525735536436043205e+00 4.525735536436043205e+00 3.660994209221304807e+00 4.660994209221305695e+00 4.928304441412233672e+00 4.257169396024789165e+00 3.257169396024788277e+00 3.550062614838242148e+00 3.380487229478272404e+00 2.918354868586900075e+00 1.918354868586896522e+00 2.871754947340700248e+00 2.504210479374374465e+00 3.504210479374378018e+00 3.638165872646935028e+00
7.008409328479363865e+01 5.326577260661780500e+00 4.326577260661779611e+00 5.326577260661780500e+00 6.094534294474522440e+00 5.163363250791098480e+00 4.163363250791096704e+00 3.456256469604548354e+00 4.163363250791096704e+00 5.163363250791098480e+00 6.045503779874987771e+00 5.045503779874985995e+00 4.338396998688437201e+00 5.338396998688438089e+00 5.667748336623775529e+00 4.667748336623774641e+00 5.351520570606938421e+00 6.351520570606940197e+00 6.032217857790218574e+00 5.618004295417124538e+00 6.032217857790218574e+00 5.939949098809139016e+00 5.368100990407855377e+00 4.368100990407853601e+00 4.660994209221305695e+00 5.075207771594401507e+00 5.257169396024790942e+00 4.257169396024789165e+00 3.918969812554708998e+00 3.504756250181616295e+00 3.126869282643975900e+00 2.126869282643971903e+00 2.871754947340700248e+00 1.871754947340696695e+00 2.825381057764683845e+00 3.239594620137779657e+00 2.997496903444918814e+00
6.904338839538489481e+01 5.102970462911802230e+00 4.102970462911800453e+00 4.680320732101426628e+00 5.680320732101428405e+00 5.077296954208710744e+00 4.077296954208708968e+00 3.370190173022161062e+00 4.077296954208708968e+00 5.077296954208710744e+00 5.802968154838653803e+00 4.802968154838652026e+00 4.095861373652104120e+00 5.095861373652105897e+00 5.351520570606938421e+00 4.351520570606936644e+00 5.351520570606938421e+00 5.501569971323640118e+00 6.501569971323641894e+00 6.596360954578301516e+00 6.182147392205207481e+00 6.596360954578301516e+00 5.782314552780949413e+00 5.368100990407855377e+00 4.988273585361019613e+00 4.574060022987925578e+00 4.257832256971086693e+00 3.969157122376272273e+00 3.504756250181616295e+00 2.504756250181612298e+00 2.342534829050849421e+00 3.126869282643975900e+00 3.285968509713796948e+00 2.825381057764683845e+00 1.825381057764679849e+00 2.779279013208926230e+00 1.997496903444915262e+00
6.802145489084469432e+01 4.902970462911801164e+00 3.902970462911800720e+00 4.902970462911801164e+00 5.581308315966449385e+00 4.992781528735859453e+00 3.992781528735858121e+00 3.285674747549309327e+00 3.992781528735858121e+00 4.992781528735859453e+00 5.584750264602661218e+00 4.584750264602659442e+00 3.877643483416111092e+00 4.877643483416111536e+00 4.804646546264963902e+00 4.093321680859775213e+00 4.501569971323638342e+00 5.208676752510186247e+00 6.208676752510188024e+00 6.096360954578301516e+00 5.182147392205205705e+00 6.096360954578301516e+00 5.858517073364099659e+00 4.858517073364097882e+00 4.151410292177549977e+00 3.574060022987923801e+00 3.257832256971084917e+00 2.969157122376271385e+00 2.750939232140278357e+00 3.504756250181616295e+00 2.919885098240477816e+00 3.756748391423949229e+00 3.359903541589534193e+00 2.359903541589530640e+00 2.779279013208926230e+00 1.779279013208922455e+00 2.734264099548291860e+00
6.709461404608698842e+01 4.713988226407188620e+00 3.713988226407186843e+00 4.167094753593353573e+00 4.874201534779901479e+00 4.909736048882118453e+00 3.909736048882118009e+00 3.202629267695569215e+00 3.909736048882118009e+00 4.909736048882118453e+00 5.540937932766009766e+00 4.677643483416112247e+00 3.677643483416110470e+00 4.542033680545516816e+00 3.804646546264962126e+00 4.511753327451510032e+00 5.093321680859776990e+00 5.915783533696734153e+00 6.263296436155856739e+00 5.682147392205207481e+00 4.682147392205205705e+00 5.682147392205207481e+00 6.263296436155856739e+00 5.281166804174473484e+00 4.281166804174471707e+00 4.546507391565901557e+00 3.546507391565899781e+00 3.969157122376272273e+00 3.052450576718042541e+00 4.052450576718044317e+00 3.626991879427027499e+00 4.067010322776081210e+00 3.067010322776080322e+00 3.359903541589534193e+00 3.193492575582022042e+00 2.734264099548291860e+00 1.734264099548288085e+00
6.605660171846744788e+01 5.128201788780282655e+00 4.459987972406805667e+00 3.459987972406805223e+00 4.233532565577887041e+00 4.647746127950981077e+00 4.120979609602796856e+00 3.120979609602796412e+00 3.828086390789346538e+00 4.828086390789348314e+00 4.540937932766007989e+00 4.485193393686236263e+00 3.485193393686234931e+00 3.542033680545515928e+00 4.249140461732064722e+00 5.218860108638057937e+00 5.925966889824605843e+00 6.507535243232872801e+00 5.849082873782762704e+00 4.849082873782760927e+00 4.348814058871872668e+00 4.849082873782760927e+00 5.849082873782762704e+00 5.695380366547567519e+00 5.281166804174473484e+00 4.960720953938995592e+00 4.123857660755525956e+00 4.385783910051378243e+00 3.385783910051376466e+00 4.385783910051378243e+00 4.626991879427029275e+00 4.481223885149177022e+00 4.067010322776081210e+00 3.871963338602076199e+00 3.112228572557520501e+00 2.112228572557516504e+00 2.689654125873744306e+00
