testing_code/fall_2022/sample_topo2_topographic__elevation.txt
ncols 100
nrows 100
xllcorner 0.0
yllcorner 0.0
cellsize 10.0
[rows 17 to 33 of 100, columns 37 to 73 of 100]
5.571419913785607747e+00 4.571419913785605971e+00 3.994069644595979351e+00 4.755023922729101571e+00 4.066966112838896308e+00 5.066966112838898084e+00 4.425331648473431301e+00 5.425331648473433077e+00 4.936985363649796454e+00 5.851198926022892266e+00 6.041873654677315741e+00 5.464523385487689566e+00 5.017309789987731250e+00 4.180446496804261614e+00 4.829104791115257811e+00 3.829104791115256035e+00 3.251754521925628083e+00 3.532260161914105190e+00 2.532260161914101193e+00 3.446510869342850114e+00 2.685556591209726118e+00 3.685556591209730115e+00 4.349770153582824150e+00 4.920346672305853986e+00 4.415122786215592399e+00 3.415122786215591510e+00 4.415122786215592399e+00 4.400736214089686626e+00 4.107842995276234532e+00 5.107842995276236309e+00 4.938078253412717444e+00 4.299004837460518758e+00 3.299004837460516981e+00 3.480094657398980829e+00 2.480094657398977276e+00 3.370330397409290413e+00 2.870330397409288636e+00
5.985633476158701782e+00 5.408283206969075607e+00 4.462130703915647700e+00 3.755023922729099795e+00 3.789616014726282067e+00 4.789616014726282955e+00 4.071778257880157348e+00 5.071778257880158236e+00 4.436985363649795566e+00 5.436985363649796454e+00 5.818135254829577718e+00 6.232348817202671754e+00 5.594660059177357425e+00 5.180446496804263390e+00 5.243318353488351846e+00 4.665968084298723895e+00 3.946473724287200557e+00 3.239366943100651319e+00 3.446510869342850114e+00 2.446510869342846561e+00 3.366702180896087526e+00 3.780915743269184226e+00 3.920346672305852653e+00 3.920346672305852653e+00 4.126447651620779311e+00 3.126447651620777535e+00 3.974334781378464410e+00 3.400736214089685738e+00 3.900736214089687071e+00 4.607842995276234532e+00 5.607842995276236309e+00 4.713218399833612793e+00 4.299004837460518758e+00 3.480094657398980829e+00 3.370330397409290413e+00 2.370330397409286416e+00 3.265212731163762427e+00
5.526481833793919662e+00 5.876344266288743512e+00 5.169237485102195606e+00 4.238523906165667654e+00 3.531417124979120192e+00 4.347302201399456223e+00 3.755550491863318907e+00 4.755550491863319351e+00 4.059020890640567814e+00 5.059020890640569590e+00 4.818135254829575942e+00 5.654998548013045578e+00 5.702235845906963974e+00 6.116449408280058009e+00 6.018732426834690230e+00 5.360687286660297701e+00 4.653580505473748019e+00 3.860724431715945926e+00 3.153617650529396244e+00 3.366702180896087526e+00 2.366702180896083973e+00 3.287891140272177104e+00 2.920346672305851321e+00 3.920346672305852653e+00 3.859186409708356358e+00 2.859186409708352361e+00 2.974334781378463521e+00 3.974334781378464410e+00 4.814949776462782438e+00 5.314949776462784214e+00 5.575090633102908200e+00 5.282197414289454329e+00 4.894308219772076640e+00 4.077437178595838319e+00 3.077437178595836542e+00 3.265212731163762427e+00 2.265212731163758875e+00
4.864440472101266622e+00 5.278654034474360657e+00 5.652737468538763466e+00 4.945630687352217336e+00 4.347302201399456223e+00 3.347302201399454891e+00 4.187174047594368176e+00 4.601387609967463987e+00 3.725687557307233888e+00 4.725687557307235664e+00 4.240784985639949767e+00 5.240784985639951543e+00 4.702235845906962197e+00 5.202235845906963974e+00 5.018732426834688454e+00 6.018732426834690230e+00 5.274937994089041737e+00 4.567831212902492055e+00 3.780915743269183338e+00 3.073808962082633656e+00 3.287891140272177104e+00 2.287891140272173551e+00 3.210739465291131189e+00 3.624953027664227001e+00 3.366650784672021501e+00 2.609186409708351473e+00 3.609186409708355470e+00 4.388548343751560665e+00 4.578234281588851928e+00 4.992447843961945964e+00 4.575090633102906423e+00 4.282197414289452553e+00 4.989304195476000459e+00 4.491650740968932354e+00 4.077437178595838319e+00 3.679426293536859127e+00 2.868624342877265754e+00
3.864440472101264845e+00 4.571547253287812751e+00 5.571547253287814527e+00 5.054408982586004129e+00 4.054408982586002352e+00 4.187174047594368176e+00 3.187174047594367288e+00 4.031943942453100505e+00 3.424176212729469260e+00 4.424176212729470592e+00 3.832536695176085750e+00 4.832536695176086639e+00 4.124885576717336022e+00 4.202235845906962197e+00 5.202235845906963974e+00 6.016779498481836796e+00 5.899789719416988376e+00 5.195129305642279149e+00 4.488022524455729467e+00 3.572348190648351185e+00 2.865241409461801503e+00 3.210739465291131189e+00 2.210739465291127193e+00 3.134155507184382294e+00 2.366650784672017949e+00 3.366650784672021501e+00 4.023399972081447729e+00 3.871127500402304022e+00 3.578234281588850152e+00 4.578234281588851928e+00 4.575090633102906423e+00 3.575090633102904647e+00 4.575090633102906423e+00 4.611632390726136066e+00 5.025845953099231878e+00 4.282837905250362454e+00 3.575731124063816324e+00
4.287090202911638670e+00 5.278654034474360657e+00 5.556859480743803203e+00 5.468622544959098164e+00 5.054408982586004129e+00 4.601387609967463987e+00 3.739050723639650187e+00 3.031943942453100060e+00 3.891224433507044722e+00 4.305437995880136981e+00 3.478983304582810909e+00 4.478983304582811797e+00 3.624885576717336022e+00 4.624885576717337798e+00 4.602565936108740985e+00 5.309672717295288891e+00 4.899789719416986600e+00 5.606896500603534506e+00 4.986561753021447885e+00 4.279454971834898203e+00 3.572348190648351185e+00 3.624953027664227001e+00 3.134155507184382294e+00 2.134155507184378742e+00 3.062452033246175098e+00 3.476665595619270910e+00 3.399722979611270901e+00 2.871127500402300470e+00 3.578234281588850152e+00 4.578234281588851928e+00 4.221537242509629806e+00 3.221537242509629362e+00 3.795135809798410698e+00 3.611632390726135178e+00 4.168909257651623790e+00 4.583122820024719601e+00 4.406339223782675063e+00
4.499292100431153685e+00 5.263966261930349333e+00 4.556859480743801427e+00 5.263966261930349333e+00 5.484648650583258345e+00 5.153264286012745998e+00 4.446157504826196316e+00 3.598331214693590852e+00 2.891224433507041169e+00 3.754507248102111561e+00 3.162755538565972024e+00 4.162755538565972913e+00 3.336210442122522046e+00 4.263003622888515309e+00 3.895459154922192191e+00 4.895459154922193079e+00 4.192682938230438694e+00 5.106896500603534506e+00 5.332404196640455396e+00 4.986561753021447885e+00 4.341262288370931088e+00 3.341262288370930200e+00 2.634155507184380518e+00 3.062452033246175098e+00 2.062452033246171101e+00 2.991474689147406885e+00 2.399722979611267348e+00 3.399722979611270901e+00 4.285341062775396281e+00 4.247213768218085050e+00 4.635750804882725618e+00 3.795135809798410698e+00 2.795135809798407145e+00 3.461802476465076772e+00 3.168909257651622902e+00 4.168909257651623790e+00 3.406339223782673287e+00
4.913505662804249496e+00 4.816752666430391017e+00 3.849752699557253521e+00 4.816752666430391017e+00 4.484648650583256568e+00 5.191755431769804474e+00 5.012544777066686663e+00 4.305437995880136981e+00 3.754507248102111561e+00 2.754507248102108008e+00 3.630472513512902566e+00 4.044686075885994825e+00 3.058860344009906473e+00 3.263003622888514421e+00 4.263003622888515309e+00 4.692682938230440470e+00 3.692682938230438694e+00 4.515907615712729140e+00 4.332404196640453620e+00 5.332404196640455396e+00 4.341262288370931088e+00 3.341262288370930200e+00 3.634155507184384071e+00 2.769558814432721228e+00 2.991474689147406885e+00 1.991474689147403332e+00 2.921885789083485285e+00 3.336099351456581097e+00 3.430717187290359682e+00 3.247213768218084162e+00 4.247213768218085050e+00 4.209349372171503845e+00 3.461802476465076772e+00 2.461802476465073219e+00 3.184452378352461643e+00 3.598665940725558343e+00 3.406339223782673287e+00
5.167191567080221759e+00 4.402539104057295205e+00 3.402539104057294317e+00 4.200191600207082487e+00 3.777541869396708663e+00 4.777541869396710439e+00 4.831857517291739512e+00 3.831857517291737736e+00 3.254507248102109784e+00 3.630472513512902566e+00 2.630472513512899013e+00 3.508756389622865512e+00 2.791599102097481300e+00 3.791599102097484852e+00 4.677217185261611121e+00 4.314718465221211829e+00 3.314718465221210053e+00 3.515907615712727363e+00 4.223014396899275269e+00 5.223014396899277045e+00 4.755475850744026900e+00 4.341262288370931088e+00 4.183772376805817927e+00 3.476665595619270910e+00 3.405688251520503584e+00 2.921885789083485285e+00 1.921885789083481288e+00 2.853366918100731731e+00 2.430717187290356129e+00 3.430717187290359682e+00 3.830319810899011301e+00 4.244533373272103560e+00 3.876016038838173472e+00 3.184452378352461643e+00 2.184452378352458091e+00 2.930452124352079579e+00 3.145044169231129949e+00
4.177242073419051849e+00 3.752978004707125059e+00 3.069205770723960391e+00 3.200191600207080711e+00 4.200191600207082487e+00 5.191755431769804474e+00 5.246071079664833547e+00 4.668720810475205596e+00 3.831857517291737736e+00 4.044686075885994825e+00 3.508756389622865512e+00 2.508756389622861516e+00 3.399321258589948158e+00 3.813534820963044858e+00 4.291488485386510732e+00 3.981385131887877460e+00 2.981385131887876128e+00 3.981385131887877460e+00 4.619101586805950177e+00 5.033315149179044212e+00 4.935250074609349724e+00 5.044639874350528075e+00 4.890879157992367610e+00 3.970640579064143250e+00 2.970640579064141917e+00 2.393290309874513966e+00 2.853366918100731731e+00 1.853366918100728178e+00 2.785638371952871672e+00 3.199851934325968372e+00 2.830319810899007749e+00 3.252969541709383350e+00 4.252969541709385126e+00 3.598665940725558343e+00 2.930452124352079579e+00 1.930452124352076027e+00 2.687916499315746499e+00
3.177242073419050961e+00 3.470135292232504831e+00 2.752978004707121507e+00 3.752978004707125059e+00 4.614405162580176523e+00 4.803100164010727369e+00 5.217313726383821404e+00 5.246071079664833547e+00 4.831857517291739512e+00 4.215863170809413418e+00 3.215863170809411642e+00 3.399321258589948158e+00 2.399321258589944605e+00 3.291488485386509844e+00 3.291488485386509844e+00 3.751969398017317658e+00 2.751969398017313662e+00 3.751969398017317658e+00 3.619101586805948401e+00 4.619101586805950177e+00 3.935250074609348392e+00 4.044639874350526298e+00 5.044639874350528075e+00 4.384854141437237729e+00 3.393290309874517519e+00 2.970640579064141917e+00 3.267580480473828430e+00 2.785638371952871672e+00 1.785638371952868342e+00 2.718447057884532114e+00 2.252969541709379797e+00 3.252969541709383350e+00 3.725351506003018009e+00 3.311137943629921310e+00 3.059947607627882427e+00 2.645734045254786615e+00 1.687916499315742502e+00
3.223952310273839217e+00 2.470135292232501278e+00 3.470135292232504831e+00 4.167191567080218206e+00 4.639963457194193452e+00 3.803100164010725592e+00 4.639963457194193452e+00 4.815261602629758997e+00 4.924651402370937348e+00 4.630076733182507454e+00 4.215863170809413418e+00 3.813534820963044858e+00 3.291488485386509844e+00 2.291488485386505847e+00 3.187513436404501910e+00 3.538768681661706772e+00 2.538768681661702775e+00 2.911994805619398718e+00 3.911994805619400051e+00 4.228143293422800042e+00 3.228143293422799154e+00 4.228143293422800042e+00 4.736017060702579329e+00 4.807503872247613330e+00 4.384854141437237729e+00 3.970640579064143250e+00 3.602134952880600594e+00 2.602134952880597041e+00 2.718447057884532114e+00 1.718447057884528562e+00 2.652292937718970123e+00 3.066506500092065934e+00 3.311137943629921310e+00 2.311137943629917757e+00 2.604031162443371628e+00 1.645734045254782618e+00 2.645734045254786615e+00
2.223952310273835220e+00 2.931059091460385346e+00 3.884348854605601531e+00 4.769573314195312719e+00 4.225749894821099417e+00 3.225749894821097641e+00 4.225749894821099417e+00 3.815261602629758109e+00 3.924651402370936015e+00 4.924651402370937348e+00 4.368838754576136907e+00 3.368838754576136019e+00 2.791488485386508067e+00 3.187513436404501910e+00 2.187513436404498357e+00 3.084644536429773432e+00 2.334644536429770767e+00 3.334644536429774320e+00 3.923655093532508520e+00 3.509441531159415817e+00 2.874589902829524313e+00 3.321803498329483517e+00 4.028910279516031423e+00 5.028910279516033199e+00 5.035797590360511222e+00 4.621584027987415411e+00 4.016348515253692852e+00 3.425553839071081796e+00 2.425553839071078244e+00 2.652292937718970123e+00 1.652292937718966126e+00 2.586497768222992377e+00 2.976686143070298662e+00 2.562472580697201963e+00 1.604031162443367631e+00 2.604031162443371628e+00 1.947245389832546802e+00
2.997496903444918814e+00 3.638165872646935028e+00 4.345272653833481158e+00 4.355359751822218684e+00 3.355359751822216907e+00 2.872196504227822800e+00 3.636750300652178858e+00 3.108154821443208427e+00 3.685505090632836378e+00 4.685505090632837266e+00 4.783052316949232718e+00 4.205702047759604767e+00 3.368838754576136019e+00 3.601726998777598610e+00 3.084644536429773432e+00 2.084644536429769879e+00 2.990779885536986704e+00 3.404993447910083404e+00 3.193213765142576932e+00 2.509441531159412264e+00 3.509441531159415817e+00 4.288803465202621013e+00 4.736017060702579329e+00 5.241937138967859511e+00 4.458447321170883271e+00 3.621584027987414522e+00 4.458447321170883271e+00 3.839767401444178496e+00 3.425553839071081796e+00 3.066506500092065934e+00 2.586497768222992377e+00 1.586497768222989047e+00 2.520985590014951150e+00 1.562472580697198410e+00 2.562472580697201963e+00 3.018244724816467439e+00 2.947245389832550799e+00
3.148477661921387671e+00 3.396760907060294876e+00 3.810974469433391576e+00 4.153876550674830526e+00 3.538863170894492427e+00 2.538863170894488430e+00 2.636750300652175305e+00 3.214100569841803257e+00 4.214100569841804145e+00 5.099718653005933078e+00 5.108730710116446971e+00 4.783052316949232718e+00 4.368838754576136907e+00 3.901141117357499244e+00 2.901141117357497912e+00 2.990779885536986704e+00 1.990779885536983151e+00 2.898329852832781661e+00 2.193213765142573379e+00 3.193213765142576932e+00 3.923655093532508520e+00 3.967170997295076607e+00 4.381384559668171974e+00 4.241937138967857734e+00 4.044233758797787459e+00 3.044233758797786571e+00 4.044233758797787459e+00 4.333375698056446623e+00 3.919162135683351256e+00 3.951911626231202401e+00 3.000711330596089077e+00 2.520985590014951150e+00 1.520985590014947153e+00 2.520985590014951150e+00 2.699309228511721059e+00 2.804137712183913500e+00 2.911970485387351815e+00
2.689654125873744306e+00 2.396760907060291323e+00 3.396760907060294876e+00 3.446769769488283508e+00 2.739662988301733826e+00 2.271601928982063257e+00 3.271601928982066809e+00 4.050963863025272005e+00 4.628314132214899956e+00 4.815837491302993101e+00 4.108730710116445195e+00 4.531760602619566924e+00 4.945974164992662736e+00 4.315354679730594611e+00 3.807276466464714737e+00 2.807276466464711184e+00 2.898329852832781661e+00 1.898329852832778109e+00 2.811291024854932985e+00 3.225504587228028797e+00 3.260064216108529145e+00 2.967170997295075274e+00 3.967170997295076607e+00 3.534830357781308940e+00 3.690680368204515283e+00 2.690680368204511730e+00 3.690680368204515283e+00 3.756025428866822224e+00 2.919162135683349923e+00 2.951911626231201069e+00 2.876454266393975168e+00 2.462240704020879356e+00 1.496231901440530310e+00 1.597247155895751503e+00 1.699309228511717507e+00 1.804137712183909503e+00 1.911970485387348262e+00
1.689654125873740975e+00 2.645220651303450410e+00 3.059434213676547110e+00 2.811693154965493768e+00 2.032556207115183700e+00 3.032556207115187696e+00 2.978708710168612939e+00 3.978708710168614271e+00 4.575730676989582690e+00 4.161517114616486879e+00 3.401623928929897289e+00 3.531760602619566036e+00 4.368623895803034785e+00 4.945974164992662736e+00 4.221490028837807884e+00 3.312543415205877473e+00 2.605436634019327791e+00 2.811291024854932985e+00 1.811291024854928988e+00 2.725541732283677909e+00 2.260064216108525592e+00 3.260064216108529145e+00 3.957480088591682321e+00 2.957480088591680989e+00 3.325024556558006772e+00 2.389169023626747546e+00 3.389169023626751098e+00 3.308811833366862132e+00 2.341811866493721972e+00 2.244804845044651387e+00 2.428308264116926907e+00 1.462240704020875359e+00 2.462240704020879356e+00 2.597247155895755277e+00 2.276659497701345458e+00 2.381487981373537899e+00 2.911970485387351815e+00
