testing_code/fall_2022/sample_topo2_bedrock__elevation.txt
ncols 100
nrows 100
xllcorner 0.0
yllcorner 0.0
cellsize 10.0
[rows 34 to 50 of 100, columns 0 to 36 of 100]
6.509213401027609791e+01 5.650523622602421483e+02 5.650006147739526341e+02 5.650181861858044385e+02 5.650658874774704827e+02 5.650136214523049603e+02 5.650773776820751664e+02 5.650310467586843970e+02 5.650045216605997211e+02 5.650728818671673253e+02 5.650007348588375180e+02 5.650327234427552412e+02 5.650883963245967152e+02 5.650009554866962844e+02 5.650760914255017724e+02 5.650290599724698950e+02 5.650898004969646991e+02 5.650840490318229286e+02 5.650841863780935910e+02 5.650128172298924483e+02 5.650749847833449167e+02 5.650878943412225226e+02 5.650979984649692369e+02 5.650524433906135755e+02 5.650240767921932274e+02 5.650936811187235662e+02 5.650722057859987899e+02 5.650519519907037420e+02 5.650705578729177887e+02 5.650619532077033682e+02 5.650348064372340104e+02 5.650842952720499852e+02 5.650087306701037733e+02 5.650021228725645415e+02 5.650350423134283346e+02 5.650467678058421370e+02 5.650884392748026812e+02
6.405234813853614639e+01 5.640874469136542757e+02 5.640487413291482426e+02 5.640986186098635926e+02 5.640086973056763782e+02 5.640037017397280579e+02 5.640292014832912173e+02 5.640918968883355546e+02 5.640521597887052394e+02 5.640022477026681145e+02 5.640137428509879101e+02 5.640584297189429890e+02 5.640737998711550745e+02 5.640874034945226185e+02 5.640867791600029477e+02 5.640106699444155538e+02 5.640761344455107746e+02 5.640219842615002790e+02 5.640581373218341241e+02 5.640784498563778016e+02 5.640226469236583853e+02 5.640633118665750771e+02 5.640047777562333522e+02 5.640803363353834357e+02 5.640518377422557705e+02 5.640775013227456611e+02 5.640169785090837422e+02 5.640763200675298776e+02 5.640678290285541152e+02 5.640842841258686349e+02 5.640097145949373498e+02 5.640294444699911764e+02 5.640518242176872263e+02 5.640247975173566601e+02 5.640064172578394164e+02 5.640915804886614069e+02 5.640132350620859825e+02
6.306229481079083854e+01 5.630415637045401809e+02 5.630043421284499345e+02 5.630814302528863209e+02 5.630194637662174273e+02 5.630768598060855084e+02 5.630922461365823892e+02 5.630734395487701249e+02 5.630222237186413849e+02 5.630603463757989857e+02 5.630964595170047460e+02 5.630632060191902610e+02 5.630574922654355987e+02 5.630199839012301481e+02 5.630340834948925703e+02 5.630924710355137677e+02 5.630254293963211012e+02 5.630267246187856927e+02 5.630717058177966692e+02 5.630719043306957019e+02 5.630580386103614501e+02 5.630418039065671110e+02 5.630640451457272775e+02 5.630508843827186638e+02 5.630022421335996796e+02 5.630707479027381623e+02 5.630745736571274165e+02 5.630801288282143560e+02 5.630671264248168200e+02 5.630321351321106249e+02 5.630004197385496809e+02 5.630845050689147229e+02 5.630619720966014938e+02 5.630888610201643587e+02 5.630337197709012571e+02 5.630943219293496895e+02 5.630782696235580715e+02
6.201834783226245662e+01 5.620032342463640589e+02 5.620715065304381142e+02 5.620863638454719649e+02 5.620771476015772805e+02 5.620933660770182314e+02 5.620285234880909684e+02 5.620314621792116441e+02 5.620997984957456310e+02 5.620033690829702664e+02 5.620718422785453185e+02 5.620726274569669840e+02 5.620316124874487969e+02 5.620182342307434737e+02 5.620865157391995126e+02 5.620487054513314433e+02 5.620149758302640066e+02 5.620609273004230317e+02 5.620097008522259330e+02 5.620063821528210610e+02 5.620461395208021713e+02 5.620538108573409772e+02 5.620256475222238350e+02 5.620546328779162195e+02 5.620834461357108012e+02 5.620460978011332145e+02 5.620742546295573447e+02 5.620444807276064694e+02 5.620066754715651314e+02 5.620788224508332860e+02 5.620154465475703773e+02 5.620884728282769629e+02 5.620895491411389457e+02 5.620203288568947073e+02 5.620623643684898525e+02 5.620968982436618262e+02 5.620168266087810025e+02
6.108794976998887449e+01 5.610854871401735409e+02 5.610522527439065925e+02 5.610724710377655811e+02 5.610904439445070011e+02 5.610388030830541766e+02 5.610626316473263842e+02 5.610671433218296897e+02 5.610726994152036013e+02 5.610066839364203588e+02 5.610109452658768987e+02 5.610627609103217992e+02 5.610039738032102150e+02 5.610506452030518858e+02 5.610722357648519392e+02 5.610806274681800687e+02 5.610749034787710343e+02 5.610364119390269479e+02 5.610579860439969480e+02 5.610749192598964328e+02 5.610022093336506259e+02 5.610722442836367918e+02 5.610256442002420272e+02 5.610780797288279018e+02 5.610974108259234754e+02 5.610979437566453498e+02 5.610081427358587689e+02 5.610270115292457831e+02 5.610989277339147066e+02 5.610955999283090705e+02 5.610673229569571276e+02 5.610111627815899737e+02 5.610101276013426741e+02 5.610150013379351321e+02 5.610873271374792921e+02 5.610165335445744859e+02 5.610619809387385430e+02
6.000974902860123450e+01 5.600279048076434947e+02 5.600675917324576858e+02 5.600052994141129830e+02 5.600349262203860690e+02 5.600034927002601535e+02 5.600859979586045938e+02 5.600080377503599038e+02 5.600205284175400493e+02 5.600709178081104938e+02 5.600095298531597336e+02 5.600854379256199991e+02 5.600607860427969626e+02 5.600092096942062199e+02 5.600208543351006938e+02 5.600921294072887804e+02 5.600201884011468110e+02 5.600415542199345964e+02 5.600357605722053904e+02 5.600603222857590708e+02 5.600601547197537684e+02 5.600314292688211708e+02 5.600860407862104466e+02 5.600647931437343914e+02 5.600021962405332943e+02 5.600133910961442325e+02 5.600377943104906535e+02 5.600857667088824883e+02 5.600395277273738657e+02 5.600061012144824417e+02 5.600012069384500819e+02 5.600289462423511395e+02 5.600955618604839401e+02 5.600653228453442125e+02 5.600059281686014856e+02 5.600631569755829560e+02 5.600506994484184133e+02
5.903878634033380735e+01 5.590604204139561944e+02 5.590819936191373927e+02 5.590981731186512889e+02 5.590249649612018175e+02 5.590879885626609394e+02 5.590002146093097508e+02 5.590442851389782390e+02 5.590956395330565556e+02 5.590138753880197555e+02 5.590672938899124347e+02 5.590971677537568212e+02 5.590347104705926995e+02 5.590838903835613110e+02 5.590788353429940116e+02 5.590485022599914373e+02 5.590803695955337389e+02 5.590872427662525297e+02 5.590391208146888857e+02 5.590067594422374668e+02 5.590733407211256463e+02 5.590966656655347151e+02 5.590949221677947207e+02 5.590820067162479745e+02 5.590332045705375776e+02 5.590075784367697906e+02 5.590563799898970956e+02 5.590452529506915198e+02 5.590373163464691970e+02 5.590184769717510562e+02 5.590195146744093790e+02 5.590892397223593662e+02 5.590442781583799388e+02 5.590986823410397619e+02 5.590896913335832323e+02 5.590522509123505870e+02 5.590552143453430745e+02
5.804333685785204722e+01 5.580950758064262800e+02 5.580965936043895681e+02 5.580566345630625165e+02 5.580035331077641558e+02 5.580812028706390038e+02 5.580086635521222433e+02 5.580831778405822661e+02 5.580829172304167969e+02 5.580459959994084329e+02 5.580441767071420145e+02 5.580787292704189895e+02 5.580769716337936188e+02 5.580319875719421816e+02 5.580317649827549076e+02 5.580806163268272257e+02 5.580238478588712496e+02 5.580776046315594385e+02 5.580844630934083170e+02 5.580336691032296130e+02 5.580081446849369513e+02 5.580445519656445867e+02 5.580675776792261331e+02 5.580732071611857918e+02 5.580842033347238385e+02 5.580455034647943648e+02 5.580271841241348056e+02 5.580876195595600393e+02 5.580404502802298339e+02 5.580181571255450308e+02 5.580012624483848640e+02 5.580043843830840160e+02 5.580896827933349869e+02 5.580413227742023992e+02 5.580804537219373742e+02 5.580519134048263368e+02 5.580541984406639813e+02
5.707488791594575162e+01 5.570496639435719999e+02 5.570384085159920460e+02 5.570901090809521747e+02 5.570448234820262314e+02 5.570799130394553913e+02 5.570874876675176210e+02 5.570027157494740777e+02 5.570111276782780578e+02 5.570559573973183660e+02 5.570607082431662320e+02 5.570547987019632501e+02 5.570699082100846908e+02 5.570205141370636284e+02 5.570642288254407504e+02 5.570389973891545878e+02 5.570471490017348515e+02 5.570948853505778970e+02 5.570339487003926706e+02 5.570389448934960228e+02 5.570147385183579445e+02 5.570647840877821864e+02 5.570584712540323835e+02 5.570645307273458684e+02 5.570723553252844340e+02 5.570537125169687442e+02 5.570719082184004947e+02 5.570972924002181799e+02 5.570420396212759897e+02 5.570723416905691465e+02 5.570565827914622332e+02 5.570231882951007947e+02 5.570022868661735629e+02 5.570715578950741929e+02 5.570857396972618290e+02 5.570716546252671151e+02 5.570743723476036848e+02
5.605455303688726332e+01 5.560303106873363959e+02 5.560044778753998571e+02 5.560567574234803487e+02 5.560184518256186266e+02 5.560955164674177240e+02 5.560821421149214530e+02 5.560056275360965401e+02 5.560020438360078288e+02 5.560902586440835194e+02 5.560496325935243931e+02 5.560846550604570666e+02 5.560663422555572879e+02 5.560275465055982522e+02 5.560426221309414814e+02 5.560341927452635673e+02 5.560021766228447859e+02 5.560542619627990462e+02 5.560297465963286641e+02 5.560977656098726811e+02 5.560465351727880261e+02 5.560624166959848935e+02 5.560713624578743293e+02 5.560045673410860445e+02 5.560399701597091280e+02 5.560998717112299801e+02 5.560864488723323120e+02 5.560696920960468788e+02 5.560798459061356880e+02 5.560474423569518194e+02 5.560298609775974228e+02 5.560305492867850035e+02 5.560757017095761512e+02 5.560240459192406206e+02 5.560067139164542596e+02 5.560615447008548244e+02 5.560261640042873523e+02
5.506825597533913452e+01 5.550123009295060683e+02 5.550216242186577347e+02 5.550298888225253222e+02 5.550577978799865377e+02 5.550824666951817790e+02 5.550902258544299457e+02 5.550830467544466273e+02 5.550447595189542653e+02 5.550376994982574388e+02 5.550514707184936469e+02 5.550352934195301486e+02 5.550688248355199903e+02 5.550409220304120481e+02 5.550829666207788478e+02 5.550490029804276446e+02 5.550495429840004817e+02 5.550880895016562135e+02 5.550918513705641999e+02 5.550400568984666734e+02 5.550221908066860124e+02 5.550058014062436769e+02 5.550392765179491334e+02 5.550417469083213291e+02 5.550219761314452853e+02 5.550709191225707855e+02 5.550039184183577845e+02 5.550586749570911707e+02 5.550565499384010764e+02 5.550539172719237513e+02 5.550050227020984721e+02 5.550655804212738076e+02 5.550153545320089279e+02 5.550744029813760108e+02 5.550230813832026797e+02 5.550765930438144551e+02 5.550015925353097828e+02
5.400768100066335364e+01 5.540748111923747956e+02 5.540062900143548177e+02 5.540754622975181292e+02 5.540541159955834019e+02 5.540687539655343699e+02 5.540337633367646504e+02 5.540092914040818641e+02 5.540888277315915502e+02 5.540894908445935698e+02 5.540411237880898625e+02 5.540222601500211113e+02 5.540303204609807608e+02 5.540702587275022779e+02 5.540599829746302021e+02 5.540757153384279263e+02 5.540755195135774329e+02 5.540152119766917167e+02 5.540385990383183525e+02 5.540767762677442079e+02 5.540001051781370052e+02 5.540110048016865676e+02 5.540711592117271493e+02 5.540082412761362320e+02 5.540629941501940721e+02 5.540537691892203611e+02 5.540660476831627648e+02 5.540102689915764813e+02 5.540890131204480440e+02 5.540435503549706482e+02 5.540085476515818073e+02 5.540685937675442574e+02 5.540078852653964532e+02 5.540110619011278459e+02 5.540081981082432776e+02 5.540614692836951463e+02 5.540075132423088462e+02
5.300496729521024974e+01 5.530060274505682401e+02 5.530264636646155623e+02 5.530960114056496195e+02 5.530173907380004721e+02 5.530037260764823941e+02 5.530586133017324073e+02 5.530483306160127768e+02 5.530304718950271763e+02 5.530643785826131307e+02 5.530211858226213053e+02 5.530022154600410431e+02 5.530115613375706971e+02 5.530454879114729465e+02 5.530925164035795660e+02 5.530337356096445092e+02 5.530348211299450440e+02 5.530915719409862277e+02 5.530698660147443206e+02 5.530245425960034709e+02 5.530706489747012711e+02 5.530450119176077806e+02 5.530308578243848388e+02 5.530198519745079011e+02 5.530722079140167580e+02 5.530705376658630712e+02 5.530373805066980140e+02 5.530550595605787976e+02 5.530009192384159178e+02 5.530692387660484428e+02 5.530063764105200335e+02 5.530083143376183443e+02 5.530339841132972651e+02 5.530328492299523759e+02 5.530229153847545831e+02 5.530583743726581361e+02 5.530565004017952333e+02
5.203376673725333035e+01 5.520604792675757153e+02 5.520523927586178843e+02 5.520281191380586279e+02 5.520951673866520650e+02 5.520331472949814042e+02 5.520516015648363464e+02 5.520921657413560979e+02 5.520768510135527549e+02 5.520130340572189880e+02 5.520488059819886075e+02 5.520125280548805904e+02 5.520455258651567192e+02 5.520261954846417893e+02 5.520413523738083086e+02 5.520707253909941983e+02 5.520224017225569924e+02 5.520279368875987984e+02 5.520421262694237612e+02 5.520367513549666683e+02 5.520804911300676849e+02 5.520595319594788180e+02 5.520233289599636919e+02 5.520482467496426580e+02 5.520180201170043119e+02 5.520395793172145886e+02 5.520046129475207408e+02 5.520560801927179000e+02 5.520635459457197385e+02 5.520029595283250501e+02 5.520185447085701753e+02 5.520502967618994035e+02 5.520474367714731443e+02 5.520824903183589640e+02 5.520436738798216538e+02 5.520631682004554932e+02 5.520302659193361023e+02
5.104287772958674196e+01 5.510769421187018224e+02 5.510657017854882724e+02 5.510746048413958533e+02 5.510096552535920864e+02 5.510270939241941051e+02 5.510999621114659703e+02 5.510081605151042368e+02 5.510376397575537339e+02 5.510019532539400871e+02 5.510339848988554650e+02 5.510128875824161696e+02 5.510378244935976682e+02 5.510737105489206442e+02 5.510057104696785473e+02 5.510722333889411857e+02 5.510937139367903228e+02 5.510014281453009062e+02 5.510691316245382723e+02 5.510222444204052863e+02 5.510818536474596385e+02 5.510032576104312056e+02 5.510616267181475223e+02 5.510017985266372307e+02 5.510544547198425107e+02 5.510068881127716622e+02 5.510190836552684459e+02 5.510830153838880960e+02 5.510820602148438638e+02 5.510741301508543302e+02 5.510726404651969688e+02 5.510969438910822191e+02 5.510781346417313671e+02 5.510532511442193027e+02 5.510240186112630454e+02 5.510088406147986007e+02 5.510219149363300630e+02
5.001289815604239664e+01 5.500918280794898010e+02 5.500615289430228358e+02 5.500516002264859026e+02 5.500282199207821350e+02 5.500776739614652797e+02 5.500931548678437366e+02 5.500764321408104252e+02 5.500902944098672833e+02 5.500330523107152203e+02 5.500439872530751018e+02 5.500985238935195412e+02 5.500746982770175464e+02 5.500073381586080359e+02 5.500639928516121699e+02 5.500729279986741176e+02 5.500924734100718752e+02 5.500737994338685439e+02 5.500107664973280635e+02 5.500125042808464286e+02 5.500030669750971128e+02 5.500174918037624820e+02 5.500480062550418552e+02 5.500009951921653055e+02 5.500712398652816546e+02 5.500903441455939173e+02 5.500863839460455438e+02 5.500902775361671502e+02 5.500345874237816588e+02 5.500779314790778471e+02 5.500669037369308398e+02 5.500033300158063412e+02 5.500502576179611651e+02 5.500918867813435327e+02 5.500014490728863166e+02 5.500576341634360915e+02 5.500289937118606076e+02
4.900654844740517291e+01 5.490369975295799350e+02 5.490777691878645328e+02 5.490972697395571913e+02 5.490899814452166083e+02 5.490150398021088449e+02 5.490518791621445871e+02 5.490042025764047366e+02 5.490655845036601477e+02 5.490127018032421802e+02 5.490519541895241673e+02 5.490254361847321434e+02 5.490533338606453526e+02 5.490436703274289130e+02 5.490991225982559172e+02 5.490495140734930146e+02 5.490991955220220007e+02 5.490887754766793023e+02 5.490619427042255438e+02 5.490313075879079179e+02 5.490507042348599498e+02 5.490929791828855286e+02 5.490478122384838571e+02 5.490916750573895797e+02 5.490430436958916971e+02 5.490420264598126323e+02 5.490077982876307487e+02 5.490634561253436914e+02 5.490927097898835427e+02 5.490002060494621219e+02 5.490621774459855260e+02 5.490883666590741541e+02 5.490742575480416008e+02 5.490418146151957899e+02 5.490719152139046173e+02 5.490719380801457419e+02 5.490811902043800501e+02
