final_code/thesis_FINALMODEL/topography/alex_reg_int_topo.txt
ncols 84
nrows 80
xllcorner 503844.966494
yllcorner 4468102.73927
cellsize 100.0
[rows 0 to 16 of 80, columns 0 to 36 of 84]
-9.999000000000000000e+03 -9.999000000000000000e+03 -9.999000000000000000e+03 -9.999000000000000000e+03 -9.999000000000000000e+03 -9.999000000000000000e+03 -9.999000000000000000e+03 -9.999000000000000000e+03 -9.999000000000000000e+03 -9.999000000000000000e+03 -9.999000000000000000e+03 -9.999000000000000000e+03 -9.999000000000000000e+03 -9.999000000000000000e+03 -9.999000000000000000e+03 -9.999000000000000000e+03 -9.999000000000000000e+03 -9.999000000000000000e+03 -9.999000000000000000e+03 -9.999000000000000000e+03 -9.999000000000000000e+03 -9.999000000000000000e+03 -9.999000000000000000e+03 1.207844999999999942e+02 1.129257999999999953e+02 1.028529999999999944e+02 9.197271000000000640e+01 8.441346000000000060e+01 8.306036000000000286e+01 8.436402999999999963e+01 8.313602000000000203e+01 8.470541000000000054e+01 8.326572000000000173e+01 8.474399999999999977e+01 8.694543000000000177e+01 -9.999000000000000000e+03 -9.999000000000000000e+03
-9.999000000000000000e+03 -9.999000000000000000e+03 -9.999000000000000000e+03 -9.999000000000000000e+03 -9.999000000000000000e+03 -9.999000000000000000e+03 -9.999000000000000000e+03 -9.999000000000000000e+03 -9.999000000000000000e+03 -9.999000000000000000e+03 -9.999000000000000000e+03 -9.999000000000000000e+03 -9.999000000000000000e+03 -9.999000000000000000e+03 -9.999000000000000000e+03 -9.999000000000000000e+03 -9.999000000000000000e+03 -9.999000000000000000e+03 -9.999000000000000000e+03 -9.999000000000000000e+03 1.224742598313469273e+02 1.236107070219630657e+02 1.208087946906021415e+02 1.190644899573556188e+02 1.124422116756847032e+02 1.044879013091566264e+02 9.173948836701597997e+01 8.443954984726366320e+01 8.001622097442255210e+01 8.018625652279419569e+01 8.036097549199098466e+01 8.243784593521641568e+01 7.913127334348180852e+01 7.998238057241950116e+01 8.440051516278101928e+01 8.323523345356048253e+01 8.354026994474996570e+01
-9.999000000000000000e+03 -9.999000000000000000e+03 -9.999000000000000000e+03 -9.999000000000000000e+03 -9.999000000000000000e+03 -9.999000000000000000e+03 -9.999000000000000000e+03 -9.999000000000000000e+03 -9.999000000000000000e+03 -9.999000000000000000e+03 -9.999000000000000000e+03 -9.999000000000000000e+03 -9.999000000000000000e+03 -9.999000000000000000e+03 -9.999000000000000000e+03 -9.999000000000000000e+03 -9.999000000000000000e+03 -9.999000000000000000e+03 1.214390548744634657e+02 1.199734284796918331e+02 1.186363891384296494e+02 1.176324817891240713e+02 1.174350486893818726e+02 1.175668708935993294e+02 1.119203977403870880e+02 1.022573582834831996e+02 9.078308374308507211e+01 8.356903749560716221e+01 7.931443298451178237e+01 7.724879256663496108e+01 7.710941770362136083e+01 7.718013815671430677e+01 7.646741274641168218e+01 8.188914443440084767e+01 8.328568862899260239e+01 8.091280690859726121e+01 7.955450229503321680e+01
-9.999000000000000000e+03 -9.999000000000000000e+03 -9.999000000000000000e+03 -9.999000000000000000e+03 -9.999000000000000000e+03 -9.999000000000000000e+03 -9.999000000000000000e+03 -9.999000000000000000e+03 -9.999000000000000000e+03 -9.999000000000000000e+03 -9.999000000000000000e+03 -9.999000000000000000e+03 -9.999000000000000000e+03 -9.999000000000000000e+03 -9.999000000000000000e+03 -9.999000000000000000e+03 -9.999000000000000000e+03 1.190346097914213885e+02 1.183728570067280543e+02 1.181373854407787860e+02 1.181369516978165564e+02 1.156653882940583031e+02 1.097725911497561668e+02 1.101305216923558987e+02 1.062807680183565964e+02 9.687611011979791442e+01 8.824006728166406788e+01 8.170211376855989727e+01 7.400308550018468168e+01 7.566552662456388134e+01 7.590790181333092335e+01 7.515135325089650564e+01 7.636555854573822444e+01 7.853005879974075754e+01 7.829727982177716683e+01 7.615668922896371384e+01 7.949940295505001586e+01
-9.999000000000000000e+03 -9.999000000000000000e+03 -9.999000000000000000e+03 -9.999000000000000000e+03 -9.999000000000000000e+03 -9.999000000000000000e+03 -9.999000000000000000e+03 -9.999000000000000000e+03 -9.999000000000000000e+03 -9.999000000000000000e+03 -9.999000000000000000e+03 -9.999000000000000000e+03 -9.999000000000000000e+03 -9.999000000000000000e+03 -9.999000000000000000e+03 -9.999000000000000000e+03 1.210119624354737908e+02 1.194303298750487556e+02 1.184347336007991771e+02 1.192257210521489128e+02 1.168523191214144816e+02 1.127578355204897917e+02 1.049928101311861042e+02 1.001051429925839642e+02 9.584174617944515262e+01 9.066532773928801703e+01 8.494795330917193610e+01 7.852571952135122046e+01 7.973517269875266322e+01 7.528084068696104225e+01 7.129573793852443941e+01 7.114507486258214897e+01 7.755009408403854820e+01 7.974252403552867463e+01 7.779145650719863170e+01 7.783478799987175023e+01 8.034001315949831223e+01
-9.999000000000000000e+03 -9.999000000000000000e+03 -9.999000000000000000e+03 -9.999000000000000000e+03 -9.999000000000000000e+03 -9.999000000000000000e+03 -9.999000000000000000e+03 -9.999000000000000000e+03 -9.999000000000000000e+03 -9.999000000000000000e+03 -9.999000000000000000e+03 -9.999000000000000000e+03 -9.999000000000000000e+03 -9.999000000000000000e+03 1.221641467471994815e+02 1.211241957333568280e+02 1.205229799693181008e+02 1.180133090611477797e+02 1.155079643648637102e+02 1.100650852289566046e+02 1.121825023253966265e+02 1.081067486083208564e+02 1.035035839534505158e+02 9.820343227098651084e+01 9.223395189822734608e+01 8.660350247854734107e+01 8.164218592319528511e+01 8.309546196388775741e+01 8.190136423989618208e+01 7.686639861588388101e+01 7.115647045420608663e+01 7.008647198227954789e+01 7.521355474923983309e+01 7.780242461889025662e+01 7.066097537443340570e+01 7.868760373935828056e+01 8.142577530296644284e+01
-9.999000000000000000e+03 -9.999000000000000000e+03 -9.999000000000000000e+03 -9.999000000000000000e+03 -9.999000000000000000e+03 -9.999000000000000000e+03 -9.999000000000000000e+03 -9.999000000000000000e+03 -9.999000000000000000e+03 -9.999000000000000000e+03 -9.999000000000000000e+03 -9.999000000000000000e+03 1.220857414916691539e+02 1.218696286254570822e+02 1.205573957873591127e+02 1.158371724932744797e+02 1.121299793133653395e+02 1.110813581320617232e+02 1.090031367850334760e+02 1.060576479033215946e+02 1.052648872425381086e+02 1.048626943998452958e+02 1.009587597187269949e+02 9.676092630642351367e+01 9.170030792216157067e+01 8.740557537722199299e+01 8.664265268980807377e+01 8.543528435157209344e+01 8.235761054154372118e+01 7.842132397104565200e+01 7.167245146724482652e+01 6.527434751164042837e+01 7.048223746526589650e+01 6.791181390597661505e+01 7.650169301967569879e+01 8.106785553314317383e+01 8.364737460734620811e+01
-9.999000000000000000e+03 -9.999000000000000000e+03 -9.999000000000000000e+03 -9.999000000000000000e+03 -9.999000000000000000e+03 -9.999000000000000000e+03 -9.999000000000000000e+03 -9.999000000000000000e+03 -9.999000000000000000e+03 -9.999000000000000000e+03 1.225293980827871394e+02 1.218547923499401264e+02 1.212156778545211324e+02 1.185126684976218172e+02 1.130166753582035568e+02 1.102069780308516584e+02 1.090165029786181776e+02 1.084330314975738219e+02 1.075212765679241471e+02 1.059760683099545275e+02 1.010643573321459741e+02 9.871238516650262795e+01 9.705697338651452810e+01 9.420749199222967718e+01 8.533039076036033066e+01 8.318274124467082231e+01 8.560121413703906512e+01 8.374532315759982737e+01 8.204062212656000952e+01 7.823077067966870857e+01 7.447014688047748621e+01 6.761015383862617512e+01 6.457553053863179571e+01 7.276390437842083259e+01 7.674702900033558706e+01 7.633236480797606305e+01 7.739856163714560466e+01
-9.999000000000000000e+03 -9.999000000000000000e+03 -9.999000000000000000e+03 -9.999000000000000000e+03 -9.999000000000000000e+03 -9.999000000000000000e+03 -9.999000000000000000e+03 -9.999000000000000000e+03 -9.999000000000000000e+03 1.217115202973031671e+02 1.207920754681643132e+02 1.182068960901645198e+02 1.166751244710750655e+02 1.129685670695312325e+02 1.092411348169260066e+02 1.073883842908197579e+02 1.079348688051803009e+02 1.081110983656788420e+02 1.066692168178572899e+02 1.037380645873682568e+02 1.003236199622318168e+02 9.355399756349979157e+01 8.715015569587865230e+01 8.223470809952553395e+01 7.803463290198214963e+01 8.104773345871682011e+01 8.259413972055607189e+01 8.086926454109868700e+01 7.836468714424192683e+01 7.978409275961975311e+01 7.801405783366580238e+01 7.396852764607801589e+01 5.987623897262753303e+01 6.893049210146486416e+01 7.303373650647965576e+01 7.264175817861351447e+01 7.729858330863947913e+01
-9.999000000000000000e+03 -9.999000000000000000e+03 -9.999000000000000000e+03 -9.999000000000000000e+03 -9.999000000000000000e+03 -9.999000000000000000e+03 -9.999000000000000000e+03 -9.999000000000000000e+03 -9.999000000000000000e+03 1.200383649060060094e+02 1.132031738387141218e+02 1.101122951668077121e+02 1.090652871583104684e+02 1.078976559437234215e+02 1.072581371883008643e+02 1.057812188873536741e+02 1.053898787922404665e+02 1.045789766002218641e+02 1.028738690776516762e+02 1.022279774234979612e+02 9.752146617606972256e+01 9.062068614564016400e+01 8.514473192991835049e+01 7.798582615867340451e+01 7.434925947633938392e+01 7.743684086138320311e+01 7.891290271211926211e+01 7.719038996392080776e+01 7.465968345342915313e+01 7.714119604821814846e+01 7.760095113711854253e+01 7.509441419527861683e+01 6.482216076907720037e+01 6.178756142326251677e+01 6.351072442344259628e+01 7.280108558931387108e+01 7.069631799635399716e+01
-9.999000000000000000e+03 -9.999000000000000000e+03 -9.999000000000000000e+03 -9.999000000000000000e+03 -9.999000000000000000e+03 -9.999000000000000000e+03 -9.999000000000000000e+03 1.245153118726867660e+02 1.200288798290220598e+02 1.133690195251388957e+02 1.078943793027337534e+02 1.053565459953636463e+02 1.059906452583430507e+02 1.046261479195245130e+02 1.037481538439646442e+02 1.025490401954709370e+02 1.031194108574649277e+02 1.030972626022975760e+02 1.002552035752688511e+02 9.475693791228462715e+01 8.810958534308811352e+01 8.425804466847455387e+01 8.232287164987903338e+01 7.364051163421434865e+01 7.059193870590533493e+01 7.390732275743791035e+01 7.364588090698944711e+01 7.053524139136186477e+01 7.083869629841926496e+01 7.091245642026633789e+01 6.975709908617260169e+01 6.917921515720301784e+01 6.989953379496122921e+01 6.668855555807471092e+01 5.919901651564808986e+01 6.832257667372029175e+01 6.088727804991835058e+01
-9.999000000000000000e+03 -9.999000000000000000e+03 -9.999000000000000000e+03 -9.999000000000000000e+03 -9.999000000000000000e+03 -9.999000000000000000e+03 1.194171703865768279e+02 1.147857256514825224e+02 1.118076276892621195e+02 1.082653171850937071e+02 1.043543537771928555e+02 9.836411521760581422e+01 1.011310474731066478e+02 1.016038671984664035e+02 1.033394108836264706e+02 1.022907538100496652e+02 9.790502772129657671e+01 9.983562458012580976e+01 9.829423485041834851e+01 9.305747606029559904e+01 8.919211998915970696e+01 8.493964400039709517e+01 7.953111765907860331e+01 7.255211653734123445e+01 6.781296805722425347e+01 7.062726100507157412e+01 6.993884775075557059e+01 6.807363006239674519e+01 6.908600804995622013e+01 6.896765841409649056e+01 6.903926193137132827e+01 6.993948975075370811e+01 6.995620108281593730e+01 6.756163309163638075e+01 5.522479331409567038e+01 6.202536462488511404e+01 5.873734420305612502e+01
-9.999000000000000000e+03 -9.999000000000000000e+03 -9.999000000000000000e+03 -9.999000000000000000e+03 -9.999000000000000000e+03 -9.999000000000000000e+03 -9.999000000000000000e+03 1.106064301839303994e+02 1.087559032670835677e+02 1.056338409078307450e+02 1.011877691087728266e+02 9.583383397228867295e+01 9.329356359561489853e+01 9.817746813366592562e+01 1.019404761810644402e+02 1.009241984130043903e+02 9.555443458471467011e+01 9.724175473512018186e+01 9.847899610904917722e+01 9.841720829701321804e+01 9.427368994725168250e+01 8.938493463857824395e+01 8.145948295446071086e+01 7.199194621295778518e+01 6.454771176386290676e+01 6.818690876529807099e+01 6.905186103498415662e+01 6.405344323029294173e+01 6.483371852466591179e+01 6.826806423069696450e+01 7.024528715539189250e+01 6.844924697904968980e+01 6.692672035606909731e+01 6.691233506585282953e+01 6.331385615663487698e+01 5.467836717617638698e+01 6.426047272833594093e+01
-9.999000000000000000e+03 -9.999000000000000000e+03 -9.999000000000000000e+03 -9.999000000000000000e+03 -9.999000000000000000e+03 -9.999000000000000000e+03 -9.999000000000000000e+03 -9.999000000000000000e+03 1.061123857896836569e+02 1.031925878831788452e+02 9.999150689648202217e+01 9.550645031801828111e+01 8.809473452481030620e+01 8.856214877653115991e+01 9.660347659867102266e+01 9.811658939352660980e+01 9.502125627557335008e+01 9.395787691751608861e+01 9.718278680332768715e+01 9.547216907570471278e+01 9.012527113440684445e+01 8.236304209357980710e+01 7.348907569811866836e+01 6.839802552332301389e+01 6.193212642470128770e+01 6.605274369704017090e+01 6.688700780904790122e+01 6.136206899977227636e+01 6.425248116302668677e+01 6.717800192443004903e+01 6.703802234841120367e+01 6.589824969409713162e+01 6.804648834954916481e+01 6.700360389111989434e+01 6.385329379895917157e+01 5.201677533370639850e+01 5.529243526864301117e+01
-9.999000000000000000e+03 -9.999000000000000000e+03 -9.999000000000000000e+03 -9.999000000000000000e+03 -9.999000000000000000e+03 -9.999000000000000000e+03 -9.999000000000000000e+03 -9.999000000000000000e+03 -9.999000000000000000e+03 1.029761381752480531e+02 1.011145010015083443e+02 9.606831550820260190e+01 8.899394931409176479e+01 8.330745611624679725e+01 8.693861402062721311e+01 9.140458341667826403e+01 9.074891042207694625e+01 9.163093380367001828e+01 9.216323943975505983e+01 8.805062279770699263e+01 8.663328558966247783e+01 7.698367758612100431e+01 6.744629346454689767e+01 6.430191128654857380e+01 5.961867701976512990e+01 6.186330700003591687e+01 6.241411445177305950e+01 5.796644440235988327e+01 6.217346317040326653e+01 6.434806062987695441e+01 6.262234793333158223e+01 5.861174163486498401e+01 6.551325748614029010e+01 6.652282053312748644e+01 5.870312972576014943e+01 5.056309310285168834e+01 6.024430716511596273e+01
-9.999000000000000000e+03 -9.999000000000000000e+03 -9.999000000000000000e+03 -9.999000000000000000e+03 -9.999000000000000000e+03 -9.999000000000000000e+03 -9.999000000000000000e+03 -9.999000000000000000e+03 -9.999000000000000000e+03 -9.999000000000000000e+03 9.914897029496283665e+01 9.530342079450211656e+01 9.125291290873383332e+01 8.523612944680442638e+01 7.902481435170376756e+01 8.201548091937985419e+01 8.046028877166845916e+01 8.867201901500671113e+01 8.844542229298534153e+01 8.516584793934885056e+01 7.641378410279408229e+01 7.349705294645431763e+01 6.875166060971183413e+01 6.560588015059823874e+01 6.815092153782775597e+01 6.650470437900771969e+01 6.004579204100400602e+01 5.573785727392525047e+01 5.629429878437213830e+01 6.066174479922376861e+01 5.702421046110877967e+01 5.962297395583278359e+01 6.345816150365167374e+01 6.188947697613384236e+01 5.326911106935548901e+01 5.321552892907046584e+01 5.787184920800336130e+01
-9.999000000000000000e+03 -9.999000000000000000e+03 -9.999000000000000000e+03 -9.999000000000000000e+03 -9.999000000000000000e+03 -9.999000000000000000e+03 -9.999000000000000000e+03 -9.999000000000000000e+03 -9.999000000000000000e+03 -9.999000000000000000e+03 1.026964601346158048e+02 1.016369470901934449e+02 1.005437644370319248e+02 9.698690001738243893e+01 9.322970094339862612e+01 8.617749098292854626e+01 8.021681766995827445e+01 8.809555206533211447e+01 8.857071187995565253e+01 8.484980596624936311e+01 7.733177767338187891e+01 7.417957283571030302e+01 7.214446848510253574e+01 7.087451334304948602e+01 7.028693427669247740e+01 6.920549797730760133e+01 6.779001954543548436e+01 6.630230556542922216e+01 6.229116433652071549e+01 5.369578321851012248e+01 5.169231649108830595e+01 5.215296972013108956e+01 5.193561817982254780e+01 5.343919279948389089e+01 4.920657319010685882e+01 5.297117897872693248e+01 5.062343009576385100e+01
