final_code/thesis_FINALMODEL/topography/alex_reg_int_topo.txt
ncols 84
nrows 80
xllcorner 503844.966494
yllcorner 4468102.73927
cellsize 100.0
[rows 51 to 67 of 80, columns 37 to 73 of 84]
8.951875226047535250e+01 8.254683523920994048e+01 7.513522324885396131e+01 7.638945865518454070e+01 8.580783105615184070e+01 8.882917440367708650e+01 9.301805369561593295e+01 9.677159241730657868e+01 9.939395022088127973e+01 1.007494328985819863e+02 1.029953316883940602e+02 1.042621848695593201e+02 1.047267594332343208e+02 1.055627811201055977e+02 1.075093123204456873e+02 1.096528538506430266e+02 1.127646568375413523e+02 1.157315863275476744e+02 1.205155750144375872e+02 1.222650731900025534e+02 1.254028431399545411e+02 1.279350873407413047e+02 1.290874296235889744e+02 1.304505609832998232e+02 1.327316987239221078e+02 1.361600606578874704e+02 1.401926471263233225e+02 1.410890491849301043e+02 1.349874063954165706e+02 1.247366751033959105e+02 1.199093874313769703e+02 1.177020197151505414e+02 1.172803469611519063e+02 1.187373148071488203e+02 1.217299504944468254e+02 1.255571795365124359e+02 1.257063485585764653e+02
9.246668544703740622e+01 9.003988592533832502e+01 8.551383592849467163e+01 7.518217480016889454e+01 7.791869265790541021e+01 9.115571566113717950e+01 9.618315235403768781e+01 9.965533786680150286e+01 1.021037442300185063e+02 1.032580085785177744e+02 1.041192511680632720e+02 1.046053484535106861e+02 1.055674357511743295e+02 1.077451619796153039e+02 1.112675879572042277e+02 1.140294294548032070e+02 1.151691919526774939e+02 1.209478595164087267e+02 1.250847794372540704e+02 1.262901754592644608e+02 1.260900794974297412e+02 1.255046819568868131e+02 1.257758470886597024e+02 1.269072191885140484e+02 1.276683018947575619e+02 1.353146767752853634e+02 1.356172846776927088e+02 1.375689747157585145e+02 1.384029607010979248e+02 1.292235144364926498e+02 1.248511233042157755e+02 1.189965664307523241e+02 1.201461605198536944e+02 1.237027096502818040e+02 1.257630147138275163e+02 1.289873289244329726e+02 1.305616033209498141e+02
9.488721389260412309e+01 9.475369633736401909e+01 9.250072691946820669e+01 8.676549088259609732e+01 7.645572620402003849e+01 8.634525780944089490e+01 9.781593622645952735e+01 1.005920597848387530e+02 1.004984649103214451e+02 1.007576563107974295e+02 1.000668100801946565e+02 1.023116615676597974e+02 1.064847180063251528e+02 1.105224513054206454e+02 1.143142006618704869e+02 1.173466478086017730e+02 1.209036803110745808e+02 1.251178838106541207e+02 1.260347563765066923e+02 1.247884356524918132e+02 1.239249512073365906e+02 1.208560045298116421e+02 1.166891205811877654e+02 1.163898661697119508e+02 1.180543741367365698e+02 1.240059655608236966e+02 1.275607256348576897e+02 1.311687822415249229e+02 1.322542715843336225e+02 1.282973875471602980e+02 1.251443636750135653e+02 1.222235913073315174e+02 1.238341328454045396e+02 1.285955343270792923e+02 1.299851718530920550e+02 1.325953632376273674e+02 1.348875198061446383e+02
9.776964778987259308e+01 9.830423068518011576e+01 9.750878016129821901e+01 9.450549328939038674e+01 8.439780955306059695e+01 7.942300337291079870e+01 9.576975782960430195e+01 9.438085667715868965e+01 9.260528780447911856e+01 9.579190454403355659e+01 1.013088826004932343e+02 1.050492498481003167e+02 1.092268910288483710e+02 1.139702989318204800e+02 1.191861828535643610e+02 1.219906257778946781e+02 1.237622456411250340e+02 1.259707336055383422e+02 1.248058344861278215e+02 1.197154547227501666e+02 1.147066723092809184e+02 1.128199158742543204e+02 1.135915553231036341e+02 1.177966198595869400e+02 1.273880322383631096e+02 1.260903843289693071e+02 1.260926622511733228e+02 1.285358953855413802e+02 1.291872400745749019e+02 1.269958172880347149e+02 1.244050400290850718e+02 1.274643746364623382e+02 1.284595918756303377e+02 1.316976553092354436e+02 1.332301246417095797e+02 1.357952593114748083e+02 -9.999000000000000000e+03
9.979296583285719180e+01 1.006944911441567427e+02 9.964880083833301683e+01 9.730189300277471887e+01 8.687182250949486217e+01 8.076793382699351298e+01 8.504095601977341801e+01 8.992690614507903035e+01 9.482800824207036783e+01 9.986622243437568613e+01 1.040466372822839674e+02 1.088702264628695389e+02 1.133557601461329227e+02 1.181897079935366719e+02 1.235312997151763170e+02 1.237565255065259748e+02 1.230134188918812441e+02 1.244270779274081633e+02 1.206357656113572716e+02 1.094590696089510260e+02 1.085331252057130058e+02 1.162120567037155183e+02 1.240444967266201104e+02 1.311387773347800305e+02 1.344106122027277479e+02 1.303142923310014396e+02 1.293651615242941944e+02 1.307871359922698957e+02 1.305796823148143631e+02 1.288074115566933528e+02 1.269674179512547880e+02 1.302387079465840145e+02 1.325389752281303686e+02 1.351548070166834350e+02 1.372876707676598471e+02 1.383729376672349929e+02 -9.999000000000000000e+03
1.017528796603461387e+02 1.015319832729872047e+02 9.908207075073931946e+01 9.338039955735885655e+01 8.121741688262353875e+01 8.829672805123678359e+01 9.302737197155960303e+01 9.756010114433394165e+01 1.014738974748191538e+02 1.047096766576255931e+02 1.082777110601736581e+02 1.123433649298938377e+02 1.162158997997809706e+02 1.217177068618934328e+02 1.240183197021059414e+02 1.206910501764196084e+02 1.165325006750111498e+02 1.155860611020885216e+02 1.078143108714693454e+02 1.068218833969771566e+02 1.114975399420776512e+02 1.225233262997469552e+02 1.355120297526904949e+02 1.384831798252349699e+02 1.379472698568057751e+02 1.354860359567703085e+02 1.341969242397000244e+02 1.349409531950851147e+02 1.330141470067774208e+02 1.313417227572066110e+02 1.288611777883652394e+02 1.306881749405113169e+02 1.350982115077047752e+02 1.376556798517713389e+02 1.406157041851152201e+02 -9.999000000000000000e+03 -9.999000000000000000e+03
1.020552588228572404e+02 1.000320823280276414e+02 9.508976948155468278e+01 9.250533566585603751e+01 8.345524111708419923e+01 8.799800142318181884e+01 9.734350035071648222e+01 1.025611181561891669e+02 1.059055359843451072e+02 1.080815675720592424e+02 1.102562354400610047e+02 1.132462366614974059e+02 1.169821768088011567e+02 1.215284133724071154e+02 1.231457986033195624e+02 1.117075315776925066e+02 1.075372531381184302e+02 1.047734454502701453e+02 1.060848087136331515e+02 1.117486240519578047e+02 1.181638916078010624e+02 1.252457249297175963e+02 1.302275972366580277e+02 1.322715817455914475e+02 1.371543598838767082e+02 1.386161011913450238e+02 1.381700659277894658e+02 1.373418262564930501e+02 1.343629928473756934e+02 1.319968315247791111e+02 1.316889299866289775e+02 1.352580834014422351e+02 1.378703440998923497e+02 1.402315271773833842e+02 -9.999000000000000000e+03 -9.999000000000000000e+03 -9.999000000000000000e+03
1.016887835425385873e+02 9.970593376929426199e+01 9.952405509493056002e+01 9.694831117989842539e+01 8.611886474200645125e+01 8.436815552214557101e+01 9.843541771882973990e+01 1.025045331372388802e+02 1.050475174634090223e+02 1.072396943959178515e+02 1.094855080805084526e+02 1.097524806615871000e+02 1.155542088715543088e+02 1.206791784990947889e+02 1.197452404495546716e+02 1.053921680023985488e+02 1.025023702124076976e+02 1.030030979322989424e+02 1.116376042474677064e+02 1.214554823273053046e+02 1.249324418769163429e+02 1.222458382396481511e+02 1.225323068421344459e+02 1.262415619833497544e+02 1.366386543689725670e+02 1.366658780228083288e+02 1.374902780956731476e+02 1.359713769264670873e+02 1.346075375728475763e+02 1.334096711969095281e+02 1.352263516255442539e+02 1.397307895526595303e+02 -9.999000000000000000e+03 -9.999000000000000000e+03 -9.999000000000000000e+03 -9.999000000000000000e+03 -9.999000000000000000e+03
1.038705978390619578e+02 1.042552989921959039e+02 1.028259429182247118e+02 9.326150709215643531e+01 8.931919767851327663e+01 8.748527158344276700e+01 8.948127584981187965e+01 9.829951232594463306e+01 1.013983096322600090e+02 1.049276025902327234e+02 1.086756500780931987e+02 1.036036904866025878e+02 1.151490779381986869e+02 1.207339650047873363e+02 1.086512883781175844e+02 1.006210496513042330e+02 1.033071952902598696e+02 1.110154875279055773e+02 1.161206397930599081e+02 1.143789578485645819e+02 1.164743238007794730e+02 1.167020191685032131e+02 1.198042489468133311e+02 1.245344979910373127e+02 1.315698316800248904e+02 1.338798113163670678e+02 1.342778962760069703e+02 1.344303674283578403e+02 1.345414954939989229e+02 1.359865313222585428e+02 1.398337417813465606e+02 -9.999000000000000000e+03 -9.999000000000000000e+03 -9.999000000000000000e+03 -9.999000000000000000e+03 -9.999000000000000000e+03 -9.999000000000000000e+03
-9.999000000000000000e+03 1.072600678741769542e+02 1.030457934779533815e+02 9.822414792035773701e+01 1.006209942177887626e+02 9.472237460572864620e+01 8.744693832665033995e+01 9.361286019445203976e+01 9.773507757879180247e+01 1.019849589700206991e+02 1.029300914208052404e+02 9.907963956011384710e+01 1.096614463707283704e+02 1.081974548459489256e+02 1.045161514706820896e+02 1.006661045218521195e+02 1.055449104009139347e+02 1.137953078755457881e+02 1.136752222020408141e+02 1.123463363056247601e+02 1.126274021265060412e+02 1.151668905201237294e+02 1.208358337105571962e+02 1.263404299663978207e+02 1.305916558347522596e+02 1.304047625623744295e+02 1.295485181508240373e+02 1.312068900591368958e+02 1.353785064874971340e+02 1.411745286781714981e+02 -9.999000000000000000e+03 -9.999000000000000000e+03 -9.999000000000000000e+03 -9.999000000000000000e+03 -9.999000000000000000e+03 -9.999000000000000000e+03 -9.999000000000000000e+03
-9.999000000000000000e+03 1.087190934581127664e+02 1.064165071472224611e+02 1.055447046076122604e+02 1.014969274008124671e+02 9.501235586876180150e+01 9.073054860264605281e+01 8.858900214528154038e+01 8.896733191019166043e+01 9.158980621791818066e+01 9.618603873096645884e+01 9.583658438550874337e+01 1.005159446048678262e+02 1.003927451231204770e+02 9.889614371489616929e+01 1.020735213672879524e+02 1.047545716671649956e+02 1.073480751599962275e+02 1.098498904156301137e+02 1.117543749696058626e+02 1.151266349607720230e+02 1.180583862847886536e+02 1.252070870459282901e+02 1.298748091225349413e+02 1.296273677004753040e+02 1.269937027202882973e+02 1.260018083290143096e+02 1.294037518338126063e+02 1.357573520672894176e+02 1.401685047446138697e+02 -9.999000000000000000e+03 -9.999000000000000000e+03 -9.999000000000000000e+03 -9.999000000000000000e+03 -9.999000000000000000e+03 -9.999000000000000000e+03 -9.999000000000000000e+03
-9.999000000000000000e+03 1.135442725344577752e+02 1.123056485981265524e+02 1.081554709096521236e+02 1.010090803164274149e+02 1.004848141196073215e+02 9.848954410715467134e+01 1.010619058310046512e+02 9.744681040995551768e+01 9.738994017025642336e+01 9.183790437707507692e+01 9.185111673599884341e+01 9.562786515254754249e+01 9.578257048315367683e+01 9.908073278919731308e+01 1.078944291719785298e+02 1.114264688906265945e+02 1.108325837079332388e+02 1.122947665213504820e+02 1.156056208951074211e+02 1.204082955456932922e+02 1.235236764143699020e+02 1.277254374936767221e+02 1.299136619671249946e+02 1.256370544046495326e+02 1.233041807566853549e+02 1.246962884010772257e+02 1.292132765320350813e+02 1.353495559578357188e+02 -9.999000000000000000e+03 -9.999000000000000000e+03 -9.999000000000000000e+03 -9.999000000000000000e+03 -9.999000000000000000e+03 -9.999000000000000000e+03 -9.999000000000000000e+03 -9.999000000000000000e+03
-9.999000000000000000e+03 1.183193399598180520e+02 1.142472107949007807e+02 1.084379129126260182e+02 1.056466945155466419e+02 1.071450331852566933e+02 1.048001164233170499e+02 1.061256783469820846e+02 9.904661168101958424e+01 1.014249508047470840e+02 9.367878021476232675e+01 9.384734192070021663e+01 9.713935971241805589e+01 9.779614805973211844e+01 1.001211573162867268e+02 1.030725322086762219e+02 1.078516135443325226e+02 1.122542371928707183e+02 1.150135421274958389e+02 1.200662589067545269e+02 1.246778352081162922e+02 1.301160614831162832e+02 1.304883752893566680e+02 1.268384457125990252e+02 1.219589631712843811e+02 1.231871629624857718e+02 1.288035018522895143e+02 1.336139955322354069e+02 1.345409952388706927e+02 -9.999000000000000000e+03 -9.999000000000000000e+03 -9.999000000000000000e+03 -9.999000000000000000e+03 -9.999000000000000000e+03 -9.999000000000000000e+03 -9.999000000000000000e+03 -9.999000000000000000e+03
-9.999000000000000000e+03 1.201845663165097164e+02 1.163030561089894661e+02 1.107835616778289989e+02 1.131659041609933780e+02 1.080441243458258356e+02 1.114771443013953558e+02 1.086833426495198864e+02 1.013505296873059933e+02 1.046640470761548443e+02 1.040398751849946990e+02 9.941935021352028912e+01 1.020588936498776320e+02 1.048308376135078817e+02 1.060980080592201631e+02 1.048380079584180748e+02 1.064624387531622460e+02 1.095649569474973788e+02 1.129221574823380081e+02 1.205474558346977005e+02 1.278599351963778048e+02 1.301396905531305777e+02 1.282102915203812756e+02 1.232847176196130903e+02 1.216119994016667647e+02 1.260522748908018968e+02 1.351678517026903137e+02 -9.999000000000000000e+03 -9.999000000000000000e+03 -9.999000000000000000e+03 -9.999000000000000000e+03 -9.999000000000000000e+03 -9.999000000000000000e+03 -9.999000000000000000e+03 -9.999000000000000000e+03 -9.999000000000000000e+03 -9.999000000000000000e+03
1.228142550413436851e+02 1.214630816209983664e+02 1.184635020474221392e+02 1.207001162873245619e+02 1.208163019709237176e+02 1.193429478493428633e+02 1.143362239466369203e+02 1.081838584308400328e+02 1.053598827263929110e+02 1.109268260407351363e+02 1.100842129259519169e+02 1.035122851686986252e+02 1.062362951270252722e+02 1.135991584914028181e+02 1.138437185654770474e+02 1.092962865730067108e+02 1.104839612050379287e+02 1.135723372576980523e+02 1.132758950156543136e+02 1.179158282090707672e+02 1.275880729515684067e+02 1.257617706381204528e+02 1.213449706139247155e+02 1.208112900427842220e+02 1.234227835871329404e+02 1.315755328051852189e+02 1.366118447844818036e+02 -9.999000000000000000e+03 -9.999000000000000000e+03 -9.999000000000000000e+03 -9.999000000000000000e+03 -9.999000000000000000e+03 -9.999000000000000000e+03 -9.999000000000000000e+03 -9.999000000000000000e+03 -9.999000000000000000e+03 -9.999000000000000000e+03
1.228475559990178283e+02 1.224213306581498273e+02 1.232165486032798185e+02 1.273823209278359343e+02 1.320988889689704990e+02 1.281752365119514820e+02 1.181379905375556660e+02 1.126892587587516772e+02 1.124213146510967647e+02 1.128399147123470811e+02 1.089383580250248826e+02 1.044394546654694693e+02 1.117395185364055408e+02 1.181378361383254685e+02 1.174137774662685274e+02 1.120162937117980277e+02 1.135650924141546056e+02 1.175124040979698208e+02 1.178166574789388932e+02 1.171872743455224679e+02 1.218652593998309612e+02 1.207501557240677528e+02 1.204486556182173729e+02 1.244734619237677293e+02 1.287363296893634015e+02 1.311154469391706527e+02 1.344624021614856986e+02 -9.999000000000000000e+03 -9.999000000000000000e+03 -9.999000000000000000e+03 -9.999000000000000000e+03 -9.999000000000000000e+03 -9.999000000000000000e+03 -9.999000000000000000e+03 -9.999000000000000000e+03 -9.999000000000000000e+03 -9.999000000000000000e+03
-9.999000000000000000e+03 -9.999000000000000000e+03 -9.999000000000000000e+03 -9.999000000000000000e+03 1.317539829773718338e+02 1.251350148930844597e+02 1.176319108187920790e+02 1.170448995846047211e+02 1.134883905238716721e+02 1.097547699451152141e+02 1.078219075683729926e+02 1.092765241951486388e+02 1.180615549306552765e+02 1.208915355108235588e+02 1.180881046111425405e+02 1.131652310755215183e+02 1.146502484300750382e+02 1.201935648539973727e+02 1.231140664937677087e+02 1.197704125585603379e+02 1.191164340204523597e+02 1.202232996032464172e+02 1.226227423558470662e+02 1.276298660170996584e+02 1.315595717922439292e+02 1.340257649044213792e+02 -9.999000000000000000e+03 -9.999000000000000000e+03 -9.999000000000000000e+03 -9.999000000000000000e+03 -9.999000000000000000e+03 -9.999000000000000000e+03 -9.999000000000000000e+03 -9.999000000000000000e+03 -9.999000000000000000e+03 -9.999000000000000000e+03 -9.999000000000000000e+03
