final_code/thesis_FINALMODEL/topography/alex_increasing_int_topo.txt
ncols 84
nrows 80
xllcorner 503844.966494
yllcorner 4468102.73927
cellsize 100.0
[rows 34 to 50 of 80, columns 0 to 36 of 84]
-9.999000000000000000e+03 -9.999000000000000000e+03 -9.999000000000000000e+03 9.698931098769601533e+01 9.261646009900505305e+01 9.014550194230088209e+01 8.689639973871976508e+01 8.436393463322265518e+01 8.869797566135426337e+01 8.570374430337615479e+01 8.029858769964302212e+01 7.481001013280314282e+01 7.705306864180593607e+01 7.733773328800214131e+01 7.650477100014168741e+01 7.769038220499730585e+01 7.537943896517508335e+01 6.981216808035193822e+01 6.457894901877156713e+01 5.903851216721899675e+01 5.205511532994949420e+01 4.464928787795410159e+01 5.018669013115635380e+01 5.338865743099390215e+01 5.200692108802474678e+01 5.305448193096300002e+01 4.684935072608877960e+01 4.023597222754273872e+01 3.550865678300601758e+01 3.938762300425772622e+01 3.887498565077277135e+01 3.956777997558602067e+01 4.139860648965562717e+01 4.313746135752614919e+01 4.174803748969724637e+01 4.351823154492482360e+01 4.665644072563667066e+01
-9.999000000000000000e+03 -9.999000000000000000e+03 -9.999000000000000000e+03 9.640824533001678276e+01 9.504605905785049913e+01 9.168892925870027000e+01 8.492254940066297308e+01 8.171327346995482799e+01 8.529027045209912217e+01 8.141310318788350742e+01 7.524423750136659805e+01 6.793115312053821242e+01 7.306079208842335504e+01 7.133545529664819185e+01 7.136541371945264700e+01 7.192348124196533377e+01 7.256966691833825678e+01 7.288325330925329126e+01 7.078203092794772999e+01 6.410637603570680199e+01 6.488725497926986918e+01 5.963466786575244782e+01 4.145633320352760620e+01 4.322927984548372393e+01 4.903396100966291726e+01 4.821333103030028866e+01 4.508731359827892504e+01 3.424840434282472046e+01 3.528870673310219530e+01 3.655533753066903557e+01 3.666108272219051400e+01 3.597275448479118154e+01 3.685658837204087490e+01 3.715499479149763573e+01 3.896418474908056595e+01 3.970491902079614022e+01 4.477862873758063955e+01
-9.999000000000000000e+03 -9.999000000000000000e+03 -9.999000000000000000e+03 -9.999000000000000000e+03 9.111107098648236047e+01 8.692150439038533705e+01 8.159223592405950853e+01 7.776028464378232741e+01 8.061925268042753601e+01 7.655597572194764666e+01 6.922397303394799906e+01 6.176126408958431568e+01 7.012087029210320566e+01 6.539572557677426801e+01 6.325413878632430453e+01 6.535867451907272141e+01 7.272855650680699569e+01 7.510892176483872618e+01 7.247603257766022011e+01 7.120526785624535648e+01 6.870105928965618602e+01 6.366713994168284074e+01 5.354037346813063891e+01 3.866455896167615691e+01 4.466845534314283839e+01 3.966150246132562529e+01 3.731012819046701878e+01 3.506099040801771594e+01 3.739759083058158495e+01 4.143175751156826436e+01 4.382646059908908853e+01 4.461079497669836513e+01 4.599782199665525440e+01 4.033305308794400190e+01 4.835445664508787189e+01 4.187617466978733916e+01 4.067679554229245298e+01
-9.999000000000000000e+03 -9.999000000000000000e+03 -9.999000000000000000e+03 -9.999000000000000000e+03 8.557184366328895919e+01 8.390544619289383377e+01 7.861138687911423517e+01 7.169648310280287262e+01 7.454577795405576524e+01 6.970923539495625221e+01 6.552629657163849686e+01 5.807511939001444290e+01 6.611149862379113529e+01 6.050473595267138194e+01 5.904714304073399234e+01 5.790911137274208897e+01 7.259975496012171448e+01 7.420459897655679526e+01 7.483916417567527901e+01 7.416944610971390262e+01 7.044690882987502789e+01 6.480734089166027445e+01 5.728504895071552028e+01 4.045792081953780439e+01 3.950610797047671952e+01 3.754232408237524510e+01 3.400651674780148426e+01 3.972088977292458623e+01 4.505219760580310151e+01 5.005992809393101339e+01 5.220866294852113754e+01 4.752802771324552822e+01 5.042198965545107825e+01 5.102228143415979389e+01 4.801738841475443564e+01 4.557988263903069992e+01 5.006816689655581598e+01
-9.999000000000000000e+03 -9.999000000000000000e+03 -9.999000000000000000e+03 -9.999000000000000000e+03 -9.999000000000000000e+03 8.304768938923834298e+01 8.034746968503110054e+01 7.328991947029597043e+01 6.359889672788180803e+01 6.215357809771987974e+01 6.114468165946797740e+01 5.270090530106517690e+01 5.928964490798959730e+01 5.458280036382869582e+01 5.303497705505084525e+01 6.662292739191752844e+01 7.156296661629744449e+01 7.497329977376175236e+01 7.502635211105318547e+01 7.346833597457586507e+01 7.038352997712271986e+01 6.647639968550828371e+01 6.187442917900843042e+01 5.283219181681968735e+01 4.140827521207661732e+01 3.333491954223512010e+01 4.131127889705794587e+01 4.932925904805975392e+01 5.379965462231121620e+01 5.803400880790668737e+01 5.819253435017411391e+01 5.488183653799620743e+01 5.074178301944967018e+01 4.984556235639392696e+01 4.997828306098001860e+01 4.800404475857123288e+01 5.282824057158261155e+01
-9.999000000000000000e+03 -9.999000000000000000e+03 -9.999000000000000000e+03 -9.999000000000000000e+03 -9.999000000000000000e+03 8.422843935066160270e+01 8.331330851914333380e+01 7.515241574509691702e+01 6.713774466253508422e+01 5.535135407014521292e+01 5.215135351069807257e+01 4.731799325483498819e+01 5.188116147847383530e+01 4.439079718765625415e+01 5.778731171538350253e+01 6.260226775170014690e+01 7.161238441346874595e+01 7.390179887032154227e+01 7.127660535784801255e+01 6.410914595368338098e+01 6.122216968348721622e+01 6.596235447394319351e+01 6.290685747544466722e+01 5.722324834115610059e+01 3.711885334688235361e+01 3.694228216491610084e+01 5.182699609500647853e+01 6.003894097996118973e+01 6.358375605932501884e+01 6.482743633381218729e+01 5.815642795846940771e+01 6.146060535643469791e+01 5.355885777795788272e+01 5.929350706287824835e+01 5.863569114852646180e+01 5.946709233212010304e+01 5.923458360169617265e+01
-9.999000000000000000e+03 -9.999000000000000000e+03 -9.999000000000000000e+03 -9.999000000000000000e+03 -9.999000000000000000e+03 8.442317511573406819e+01 8.213608349988312796e+01 7.676435138081411935e+01 7.014192981223540357e+01 6.434195494101102497e+01 5.425135020260557184e+01 4.602296742429308551e+01 4.254928362723160973e+01 4.263215944826234249e+01 5.361692929485020187e+01 6.553152156266477846e+01 7.167161059329404793e+01 7.351757751917281780e+01 7.019873614211448398e+01 6.301773355237416041e+01 5.520104286972063790e+01 5.024018151874404481e+01 5.675720249366688819e+01 4.029610384602847262e+01 3.253208527779670334e+01 4.151925728535173477e+01 5.476322867686430840e+01 6.474213637000083565e+01 6.820724660317888777e+01 5.912005332863272145e+01 6.733152509866918933e+01 6.526287219412922980e+01 6.430646788547481663e+01 6.627486590465628069e+01 6.662145589336887497e+01 6.752656542769270231e+01 6.731380249733500420e+01
-9.999000000000000000e+03 -9.999000000000000000e+03 -9.999000000000000000e+03 -9.999000000000000000e+03 8.520887838088601995e+01 8.339445864203710812e+01 8.153203285600829986e+01 7.731690681385475727e+01 7.139341785731863865e+01 6.570753951462437215e+01 6.111614405592775512e+01 4.921839587048867060e+01 4.601784254302855004e+01 3.813650089251440534e+01 4.711602083437752952e+01 6.209646568278962064e+01 7.230089853702743596e+01 7.486236235846006082e+01 7.273075681982325591e+01 6.658894672425959982e+01 6.101341198993020498e+01 5.043238194354632498e+01 3.972631757091135540e+01 3.145502517368823447e+01 3.775042546407225785e+01 4.127088504972198280e+01 3.836460596292911163e+01 4.944251549169459281e+01 5.970278674631174454e+01 6.844205511950400478e+01 6.914294494635294086e+01 6.928072008212646438e+01 7.062657270804606924e+01 7.270732618025618876e+01 7.262084340149799289e+01 7.141770561427827602e+01 7.291905214661048262e+01
-9.999000000000000000e+03 -9.999000000000000000e+03 -9.999000000000000000e+03 -9.999000000000000000e+03 8.310642737314769590e+01 8.164484471418158762e+01 7.955531513063425564e+01 7.549922179025477931e+01 7.092898469427321118e+01 6.486546871531433567e+01 6.187444990861563809e+01 5.895565177121316225e+01 5.801501465358265364e+01 3.717066745414626894e+01 5.515841465569796753e+01 6.877263049145517471e+01 7.410117916898724388e+01 7.516239739820365173e+01 7.124373033056559734e+01 6.478915879285742108e+01 5.324134561710375380e+01 4.486241657196701738e+01 3.285597777506551154e+01 3.090527820417176486e+01 4.812606761178650316e+01 5.483400277825279545e+01 5.135846192860652337e+01 5.854987932330960376e+01 5.801197073666072157e+01 5.813988938058184175e+01 6.199901355229094690e+01 7.088230337345393650e+01 7.569473018617495086e+01 7.805315866991323048e+01 7.734647280653902612e+01 7.500839534774988238e+01 7.737540186108064688e+01
-9.999000000000000000e+03 -9.999000000000000000e+03 -9.999000000000000000e+03 8.250743993953746269e+01 8.132833158976899313e+01 7.867673784630687805e+01 7.674810439178277477e+01 7.285263406179342383e+01 6.770659769707363296e+01 6.085999854383074847e+01 5.841014330143757149e+01 6.070358217644506027e+01 5.810437136186418172e+01 3.471979536245913067e+01 6.064212920355236491e+01 6.860004569397602836e+01 7.003516482855221170e+01 6.804669141843695002e+01 5.673741767931313973e+01 4.479687145469625165e+01 4.139144042395809464e+01 3.104637894946072407e+01 3.035811959170441909e+01 4.364453476113915542e+01 5.196932225372403025e+01 5.604522060551281726e+01 5.773788269737597290e+01 5.931180688936865408e+01 5.802615462557720605e+01 5.801680977992050714e+01 6.119638649533465014e+01 6.818709949647738711e+01 7.280825830908129603e+01 7.900885668394910510e+01 8.099902283574033390e+01 8.226091326205470011e+01 8.456667405072761312e+01
-9.999000000000000000e+03 -9.999000000000000000e+03 -9.999000000000000000e+03 8.221641363177704420e+01 7.942164951167160325e+01 7.469043641619072105e+01 7.193576220671688759e+01 6.962373254219767205e+01 6.623785139992091331e+01 5.888770002777754087e+01 5.693428345796601064e+01 5.945895973049299243e+01 5.652729251465179061e+01 3.224780220888227689e+01 5.905922481880791963e+01 6.486789846661865511e+01 4.889803415060404035e+01 3.630265217771704300e+01 3.442159355827705980e+01 3.359122338365443028e+01 3.017692669464413768e+01 3.162861254535965827e+01 3.766805978478289774e+01 4.139677722247181890e+01 5.139999306881041718e+01 5.795208559131465620e+01 6.437655497185059517e+01 6.585765989945456056e+01 6.414164477575775436e+01 5.883030185667093548e+01 5.802327540968144604e+01 6.042037917732968566e+01 7.052210488894678520e+01 8.022226741092191560e+01 8.468761701306399914e+01 8.785034318425073252e+01 8.995232039268495328e+01
-9.999000000000000000e+03 -9.999000000000000000e+03 -9.999000000000000000e+03 7.942037336341431342e+01 7.688922543566296497e+01 7.135793658037343334e+01 6.652554173960427875e+01 6.483527489782012765e+01 6.008782389078317010e+01 4.792821393365390747e+01 5.722735080669433216e+01 5.718206224859207509e+01 5.161070194489233387e+01 3.083657193451095679e+01 5.550899869579639301e+01 3.351219841876030614e+01 2.725794442101125981e+01 2.930573269150180948e+01 2.904951204177952917e+01 3.003762557207950579e+01 3.769525191398236785e+01 5.053774433110332609e+01 4.681539856494847385e+01 5.659066638990355358e+01 5.817778864182328391e+01 6.474247475765899651e+01 7.039027093216222397e+01 7.215772038087111184e+01 7.544115142078081249e+01 7.629438641556376410e+01 5.808226575223528698e+01 5.988482618799884705e+01 7.506313112052343683e+01 8.302765905100055477e+01 8.725056651816350950e+01 9.028769100644441892e+01 9.236762423148468315e+01
-9.999000000000000000e+03 -9.999000000000000000e+03 7.764678045561183239e+01 7.565237596202014458e+01 7.338576396583640360e+01 6.772413223462645249e+01 6.018128327132014732e+01 5.701079362875438505e+01 5.177678118652062267e+01 4.476051492964473510e+01 5.771980291912969108e+01 5.797928806392852152e+01 4.692754333950762913e+01 2.804697040134818309e+01 2.990048419879750341e+01 2.682545491983035291e+01 3.232356678275895945e+01 3.661368141234075324e+01 4.259427544954536415e+01 4.897646091372411092e+01 5.435885189443278165e+01 5.824836763887083890e+01 5.391475202373652564e+01 6.371420487380886755e+01 6.566031019880479391e+01 7.328010161986060211e+01 7.843007180931635958e+01 8.188668260771626706e+01 8.309438279136810479e+01 7.778015675064786194e+01 6.528745578973820329e+01 5.805061483588969651e+01 6.408729421274578897e+01 7.620259324797237355e+01 7.623897719966164743e+01 7.869648423154995953e+01 8.163466289271443088e+01
-9.999000000000000000e+03 -9.999000000000000000e+03 -9.999000000000000000e+03 7.186677507102280060e+01 6.656598186016118746e+01 6.121852438217168668e+01 5.498224486707709957e+01 4.678318423246746960e+01 4.994515579415050865e+01 4.948526496730801938e+01 5.802395411115354307e+01 5.458054641780039162e+01 4.036790091846323492e+01 2.647230311278539361e+01 2.857810566058942925e+01 3.152012724930554910e+01 3.421469694711483811e+01 4.071018280905235542e+01 4.786765660338489425e+01 5.422029082795604182e+01 6.475559233875496545e+01 5.774606327236470804e+01 6.112045637587527125e+01 7.006965528847075575e+01 7.299808894376420199e+01 7.785497063633282266e+01 8.310973819296059162e+01 8.691087427049905045e+01 8.479895827370560824e+01 7.328583501933256628e+01 6.938729975181426823e+01 5.902108490632917182e+01 6.519363169609177078e+01 6.817632543224870290e+01 7.467040716087396390e+01 8.122493791097008398e+01 8.566428672679134593e+01
-9.999000000000000000e+03 -9.999000000000000000e+03 -9.999000000000000000e+03 6.748517383526144897e+01 6.422809658051589565e+01 5.622061686024954952e+01 4.887914269649816390e+01 4.104154441891268590e+01 4.130329623917010906e+01 5.005691726119891882e+01 5.436755363977354705e+01 4.650338488162534389e+01 2.609026166256682444e+01 2.679202761496736684e+01 3.369905098080182881e+01 3.714925187583180843e+01 3.794532019431968450e+01 4.012187315066912419e+01 5.452005994917444553e+01 6.045248300656182039e+01 6.370292098092748745e+01 7.543853895013143074e+01 7.241467434113154411e+01 6.880509041227401212e+01 7.865589928534160435e+01 8.451762550679723063e+01 8.925700126078639585e+01 8.889415612924125298e+01 8.493218188170280314e+01 7.646906189697381251e+01 6.934728032835565159e+01 7.204548212209321889e+01 7.485049819988665831e+01 7.725083719774721658e+01 8.208198225312129637e+01 8.558753987572082167e+01 9.068253145783205582e+01
-9.999000000000000000e+03 -9.999000000000000000e+03 -9.999000000000000000e+03 -9.999000000000000000e+03 5.926175243739191245e+01 5.472228410726375358e+01 5.465127747359818500e+01 5.415129030332971638e+01 5.201437734518982126e+01 3.304287936037417239e+01 4.862181565545664341e+01 3.442249296613392318e+01 2.600929904990183772e+01 3.447172350604886049e+01 4.049944287688620648e+01 4.662484383348878936e+01 5.012829523880706262e+01 5.479973659330197933e+01 5.968830376184209285e+01 6.779047575109895263e+01 7.614547791080885020e+01 8.059299727293590365e+01 7.700211672554435438e+01 7.491090224487290072e+01 8.387664838751307173e+01 8.963128307408366879e+01 9.240779496407544968e+01 8.955953384372034520e+01 8.019610388147337687e+01 7.547101777472593653e+01 7.014875707994444554e+01 7.831398715716105130e+01 8.301360038981228229e+01 8.294635828404034328e+01 8.816880253676086454e+01 9.171721311419858580e+01 9.385487729250681355e+01
-9.999000000000000000e+03 -9.999000000000000000e+03 -9.999000000000000000e+03 -9.999000000000000000e+03 -9.999000000000000000e+03 5.784944092574541230e+01 5.654524672582969202e+01 5.570126993434528373e+01 5.300798181931120467e+01 4.327540452034858021e+01 3.768971066417267224e+01 2.932401707769987098e+01 2.689906283258803654e+01 3.986131312685497363e+01 4.802970606855738112e+01 5.492140957149959490e+01 6.022963417201086145e+01 6.068183265916150049e+01 5.969804280402645702e+01 6.741030094811409867e+01 7.786871277552495485e+01 8.075171060541926238e+01 7.995662407956406525e+01 8.322134863515600500e+01 8.580933336503998987e+01 9.270515953158907507e+01 9.204900501980390004e+01 8.561094757767671126e+01 8.015871243155457648e+01 7.720348219648663246e+01 7.752587656027434093e+01 8.324826556896306329e+01 8.722459263911586902e+01 8.822971818043045289e+01 9.088990687005643565e+01 9.386931961304350125e+01 9.400701632382487105e+01
