final_code/thesis_FINALMODEL/topography/alex_reg_int_topo.txt
ncols 84
nrows 80
xllcorner 503844.966494
yllcorner 4468102.73927
cellsize 100.0
[rows 34 to 50 of 80, columns 0 to 36 of 84]
-9.999000000000000000e+03 -9.999000000000000000e+03 -9.999000000000000000e+03 9.698931745966038420e+01 9.261648051409251536e+01 9.014551595261164607e+01 8.689641345528058025e+01 8.436396371456429222e+01 8.869797752125937507e+01 8.570375517301668822e+01 8.029860343225816166e+01 7.481003593827391285e+01 7.705308172971881220e+01 7.733774354389174732e+01 7.650478747731183660e+01 7.769038737217324808e+01 7.537944788153481568e+01 6.981219277183109284e+01 6.457897745129284317e+01 5.903852663985609439e+01 5.205514607525854132e+01 4.464936447399863795e+01 5.018670600074875665e+01 5.338866470847436574e+01 5.200693952947126775e+01 5.305447435745357865e+01 4.684936798693519222e+01 4.023599419358776430e+01 3.550869528540957987e+01 3.938762906664243246e+01 3.887501142099368678e+01 3.956781004271803681e+01 4.139863339834160882e+01 4.313748021737677618e+01 4.174807019768795158e+01 4.351824267075939190e+01 4.665644180499036509e+01
-9.999000000000000000e+03 -9.999000000000000000e+03 -9.999000000000000000e+03 9.640825957670467972e+01 9.504606162778929956e+01 9.168892973230444454e+01 8.492256824101285417e+01 8.171329737026312046e+01 8.529027247041932469e+01 8.141311423384927082e+01 7.524424970020612591e+01 6.793118883550704368e+01 7.306079859795067932e+01 7.133547354764121451e+01 7.136542540426530934e+01 7.192349559817319005e+01 7.256968643045541967e+01 7.288326373583845452e+01 7.078203238255869678e+01 6.410640610382725413e+01 6.488724723916301684e+01 5.963464652894707285e+01 4.145641146361641916e+01 4.322931012717307908e+01 4.903396410622219292e+01 4.821333721033629161e+01 4.508730789754400803e+01 3.424844857510628060e+01 3.528872612077292104e+01 3.655536307041239041e+01 3.666111140152804637e+01 3.597279120775773720e+01 3.685662400393631799e+01 3.715502668629332561e+01 3.896421730975149700e+01 3.970495036882093842e+01 4.477862634751107151e+01
-9.999000000000000000e+03 -9.999000000000000000e+03 -9.999000000000000000e+03 -9.999000000000000000e+03 9.111107750930884208e+01 8.692152078238233059e+01 8.159225422002374728e+01 7.776030715130826820e+01 8.061925530391623340e+01 7.655598306992096980e+01 6.922399186084983569e+01 6.176130774689204372e+01 7.012086393458940847e+01 6.539574662318896969e+01 6.325416679526772867e+01 6.535869671837872374e+01 7.272856382566072853e+01 7.510892466785745114e+01 7.247605115763452943e+01 7.120527503504581546e+01 6.870106765569555307e+01 6.366714308877059381e+01 5.354036875291527764e+01 3.866461638099290354e+01 4.466845260046525823e+01 3.966153191414159096e+01 3.731015069030902964e+01 3.506101885327078804e+01 3.739761744192404080e+01 4.143177621610612249e+01 4.382647544207503643e+01 4.461080254111425347e+01 4.599781931392599432e+01 4.033310119593875953e+01 4.835443477038732141e+01 4.187620061388929571e+01 4.067683472434541159e+01
-9.999000000000000000e+03 -9.999000000000000000e+03 -9.999000000000000000e+03 -9.999000000000000000e+03 8.557186508084109278e+01 8.390545937919254982e+01 7.861140709982899466e+01 7.169652539820393145e+01 7.454577405363463072e+01 6.970925075896573730e+01 6.552630593257774194e+01 5.807515610213922486e+01 6.611148872067130355e+01 6.050475620680587951e+01 5.904715620212115823e+01 5.790917611597549097e+01 7.259974884963527586e+01 7.420461550967165465e+01 7.483917426339856149e+01 7.416945120859793406e+01 7.044691853843059448e+01 6.480735425569193353e+01 5.728505136612479731e+01 4.045797703265918699e+01 3.950613274657013108e+01 3.754233389298115497e+01 3.400656279902442236e+01 3.972091225725893082e+01 4.505221424121481988e+01 5.005993813073895637e+01 5.220866418067413406e+01 4.752806167059945608e+01 5.042199524738118299e+01 5.102227304742930869e+01 4.801740827980993487e+01 4.557990678922440253e+01 5.006816128223952234e+01
-9.999000000000000000e+03 -9.999000000000000000e+03 -9.999000000000000000e+03 -9.999000000000000000e+03 -9.999000000000000000e+03 8.304770381989462180e+01 8.034748031593866813e+01 7.328993127713658851e+01 6.359894720306487415e+01 6.215359538160336683e+01 6.114467854915321965e+01 5.270094389961942483e+01 5.928964205012432842e+01 5.458281410162273062e+01 5.303503241110517052e+01 6.662290990013065084e+01 7.156298138302349798e+01 7.497330721551594479e+01 7.502635901277321295e+01 7.346833573218972901e+01 7.038353014221591764e+01 6.647641070106629968e+01 6.187443230737674327e+01 5.283219129589282659e+01 4.140828628352425511e+01 3.333497176615215096e+01 4.131129935664470310e+01 4.932927072807419222e+01 5.379967130510684825e+01 5.803401615760371612e+01 5.819253517943694476e+01 5.488184951483456331e+01 5.074180731674573508e+01 4.984559576285317917e+01 4.997830558314190341e+01 4.800408461194542298e+01 5.282825709160668737e+01
-9.999000000000000000e+03 -9.999000000000000000e+03 -9.999000000000000000e+03 -9.999000000000000000e+03 -9.999000000000000000e+03 8.422845187155404290e+01 8.331330642184639146e+01 7.515243103357568089e+01 6.713775347759558088e+01 5.535140708417298328e+01 5.215138353712137587e+01 4.731802948389174190e+01 5.188115539379082009e+01 4.439085781338649639e+01 5.778730019802394935e+01 6.260230037310605411e+01 7.161238952341042818e+01 7.390180780691342477e+01 7.127661792582118494e+01 6.410918073796275962e+01 6.122220172278014161e+01 6.596233448359947715e+01 6.290685781006531840e+01 5.722320873786233619e+01 3.711889903620318876e+01 3.694232231424576440e+01 5.182698958626127705e+01 6.003893998385789388e+01 6.358376001134146094e+01 6.482742033031136941e+01 5.815647296956352363e+01 6.146059926379901839e+01 5.355890645840997166e+01 5.929350886345269345e+01 5.863570785835202770e+01 5.946710089848179592e+01 5.923460740931191282e+01
-9.999000000000000000e+03 -9.999000000000000000e+03 -9.999000000000000000e+03 -9.999000000000000000e+03 -9.999000000000000000e+03 8.442318515674283219e+01 8.213609508021872330e+01 7.676436327154796402e+01 7.014194382906438818e+01 6.434195203275854169e+01 5.425137586133782008e+01 4.602299712139756593e+01 4.254932428125035671e+01 4.263218747965927946e+01 5.361694258450045680e+01 6.553151831034799102e+01 7.167162030537275541e+01 7.351758767533347338e+01 7.019875120334273788e+01 6.301775520733792746e+01 5.520108095394421355e+01 5.024023917225350289e+01 5.675716578501858578e+01 4.029614514063865727e+01 3.253214165153324444e+01 4.151927185599298298e+01 5.476320930814853938e+01 6.474211096895862738e+01 6.820722249018942307e+01 5.912011858516041940e+01 6.733151336501670414e+01 6.526288969007315188e+01 6.430648102026562185e+01 6.627487801010666146e+01 6.662146914340456760e+01 6.752657273306411412e+01 6.731381843927272257e+01
-9.999000000000000000e+03 -9.999000000000000000e+03 -9.999000000000000000e+03 -9.999000000000000000e+03 8.520888779582124073e+01 8.339447290747207830e+01 8.153204256609042488e+01 7.731691597960076479e+01 7.139343102954360631e+01 6.570755324970721745e+01 6.111613884094580129e+01 4.921843479922620901e+01 4.601786391787673125e+01 3.813654776547836889e+01 4.711606793964728013e+01 6.209648935089500554e+01 7.230090401502887687e+01 7.486236896772655314e+01 7.273075989861844448e+01 6.658895477108544014e+01 6.101339879967606095e+01 5.043238832091982715e+01 3.972635241969116748e+01 3.145507584891256769e+01 3.775044458312682139e+01 4.127091187504136371e+01 3.836468825236099889e+01 4.944256728233742137e+01 5.970281034600525061e+01 6.844202795327154831e+01 6.914294573068600869e+01 6.928073367065880461e+01 7.062658736102569890e+01 7.270733661652138835e+01 7.262085516843129085e+01 7.141772476918391988e+01 7.291906736858977922e+01
-9.999000000000000000e+03 -9.999000000000000000e+03 -9.999000000000000000e+03 -9.999000000000000000e+03 8.310644107104756984e+01 8.164485731935620549e+01 7.955532627102593324e+01 7.549923517096932812e+01 7.092899359415861227e+01 6.486548402524346102e+01 6.187445896389082378e+01 5.895565795935980447e+01 5.801498109740053621e+01 3.717074044280052902e+01 5.515841942201271308e+01 6.877262262396732240e+01 7.410117900558599047e+01 7.516239374991819489e+01 7.124372181492529421e+01 6.478913836923163672e+01 5.324135966230841888e+01 4.486241372907053915e+01 3.285601545639976706e+01 3.090534366735835903e+01 4.812605680013358267e+01 5.483398350976885638e+01 5.135848362059770267e+01 5.854987000681871478e+01 5.801198984018220983e+01 5.813992626255865304e+01 6.199904651358565388e+01 7.088230593062353080e+01 7.569472959903416154e+01 7.805316263304888480e+01 7.734648408960718768e+01 7.500842369038943502e+01 7.737542380138070541e+01
-9.999000000000000000e+03 -9.999000000000000000e+03 -9.999000000000000000e+03 8.250745312453535973e+01 8.132834457300361919e+01 7.867675284159554394e+01 7.674811372192692716e+01 7.285264668776278540e+01 6.770661322891037059e+01 6.086002390175496402e+01 5.841016912447562959e+01 6.070358547713302499e+01 5.810435222229816787e+01 3.471988674360666494e+01 6.064210609199039226e+01 6.860004560961334619e+01 7.003514870387374458e+01 6.804665457209138424e+01 5.673742011920712969e+01 4.479691358695276193e+01 4.139144616183364178e+01 3.104643146377767238e+01 3.035817168612607730e+01 4.364451947781964236e+01 5.196932435874942513e+01 5.604523345568739501e+01 5.773789836380285578e+01 5.931182684550805106e+01 5.802618144426847380e+01 5.801683158734421397e+01 6.119640416488739021e+01 6.818710348178890968e+01 7.280827711745006070e+01 7.900886604372517752e+01 8.099903721932734868e+01 8.226092775791654788e+01 8.456668671319175701e+01
-9.999000000000000000e+03 -9.999000000000000000e+03 -9.999000000000000000e+03 8.221642091594081592e+01 7.942166101388163213e+01 7.469045591929437933e+01 7.193577741768817191e+01 6.962374393486720692e+01 6.623785352945630223e+01 5.888770994529355818e+01 5.693430853426013272e+01 5.945896518294684796e+01 5.652726993173568815e+01 3.224789800648471783e+01 5.905920487873152069e+01 6.486783782432137002e+01 4.889805400971022920e+01 3.630272225511139794e+01 3.442163673357220688e+01 3.359124664510492408e+01 3.017697850956000138e+01 3.162866329830929146e+01 3.766807450764744658e+01 4.139682921351428035e+01 5.140001452271388871e+01 5.795210836925644315e+01 6.437656184248179159e+01 6.585767004523600576e+01 6.414166267294210400e+01 5.883034989731455511e+01 5.802330077807458508e+01 6.042041764193903930e+01 7.052213023830066163e+01 8.022227724785892633e+01 8.468762872132025166e+01 8.785035214293138495e+01 8.995233137155156555e+01
-9.999000000000000000e+03 -9.999000000000000000e+03 -9.999000000000000000e+03 7.942038341584624561e+01 7.688923476698413140e+01 7.135795264314140240e+01 6.652556059218949258e+01 6.483528095982941863e+01 6.008782459087404249e+01 4.792827445272844500e+01 5.722735216611748399e+01 5.718207392065846761e+01 5.161069433153225106e+01 3.083665526450955596e+01 5.550890830452406988e+01 3.351227609605557234e+01 2.725801381860790329e+01 2.930576663604196597e+01 2.904955855876000825e+01 3.003768595625054871e+01 3.769528943754969674e+01 5.053771701057094390e+01 4.681543165512581339e+01 5.659065679125846060e+01 5.817781284807156794e+01 6.474249148655502495e+01 7.039028352509318154e+01 7.215774344942164475e+01 7.544115750744545323e+01 7.629434788161822212e+01 5.808232304792655043e+01 5.988486024342305569e+01 7.506311155175387739e+01 8.302765389826681997e+01 8.725055922665006847e+01 9.028768336765442371e+01 9.236761633670685967e+01
-9.999000000000000000e+03 -9.999000000000000000e+03 7.764679283276143451e+01 7.565239096562879695e+01 7.338576907532967653e+01 6.772414036125783809e+01 6.018130722300365676e+01 5.701080219668889271e+01 5.177680387306301668e+01 4.476057332181664350e+01 5.771979851190443611e+01 5.797927962190517803e+01 4.692754383482870395e+01 2.804701967218399616e+01 2.990052945389623673e+01 2.682550112156981470e+01 3.232357548035103889e+01 3.661369451842879386e+01 4.259427877385284944e+01 4.897645372468726777e+01 5.435885538540703976e+01 5.824835776571996604e+01 5.391478941363475030e+01 6.371420704003072188e+01 6.566033416762726915e+01 7.328010715910349404e+01 7.843007947315324202e+01 8.188668734340848232e+01 8.309437902752391381e+01 7.778015192686761736e+01 6.528747455093615315e+01 5.805065506307239787e+01 6.408733764134507283e+01 7.620258823664696024e+01 7.623901092990928419e+01 7.869652217788025439e+01 8.163470932584900197e+01
-9.999000000000000000e+03 -9.999000000000000000e+03 -9.999000000000000000e+03 7.186678143550290088e+01 6.656600414357176021e+01 6.121854078593830195e+01 5.498225590052093992e+01 4.678322409941786475e+01 4.994515517083912926e+01 4.948528788210290230e+01 5.802394499828936603e+01 5.458053806753095216e+01 4.036790496352496405e+01 2.647234613826890381e+01 2.857813232793602864e+01 3.152014375826666281e+01 3.421472108861411243e+01 4.071019206095253651e+01 4.786767293803617918e+01 5.422031424208233119e+01 6.475556312123872260e+01 5.774612275236381009e+01 6.112048671290386892e+01 7.006964972202700892e+01 7.299810477680054532e+01 7.785498991639929045e+01 8.310975366387368979e+01 8.691087592459615507e+01 8.479895681771228055e+01 7.328587403074406836e+01 6.938729885901845762e+01 5.902114441332118844e+01 6.519365540651379831e+01 6.817637264279387921e+01 7.467043654114446838e+01 8.122495292836514125e+01 8.566430421688070851e+01
-9.999000000000000000e+03 -9.999000000000000000e+03 -9.999000000000000000e+03 6.748519101805626974e+01 6.422810066183041044e+01 5.622063872823072472e+01 4.887917567981230604e+01 4.104160139796609741e+01 4.130335458927964254e+01 5.005689877302219770e+01 5.436754711286456399e+01 4.650337482911561438e+01 2.609033151987252097e+01 2.679206396723918715e+01 3.369906369257782330e+01 3.714926916294291459e+01 3.794535079609316597e+01 4.012193095359842232e+01 5.452006006959350515e+01 6.045249602843595937e+01 6.370297029435668890e+01 7.543851234694723473e+01 7.241467855454914115e+01 6.880513796099334911e+01 7.865590791548650884e+01 8.451763684046947844e+01 8.925700423245781678e+01 8.889416400316362399e+01 8.493218289418476274e+01 7.646907297054380592e+01 6.934731220683251252e+01 7.204548732739088734e+01 7.485051072429541819e+01 7.725085118718277499e+01 8.208199361958271822e+01 8.558756049723052683e+01 9.068254059851658155e+01
-9.999000000000000000e+03 -9.999000000000000000e+03 -9.999000000000000000e+03 -9.999000000000000000e+03 5.926176854500515390e+01 5.472231357054663903e+01 5.465128628721996051e+01 5.415128542088006469e+01 5.201435188968681445e+01 3.304299001755860132e+01 4.862177724421695046e+01 3.442252808147009091e+01 2.600934200063939272e+01 3.447173167634178981e+01 4.049945960193886663e+01 4.662485342723695680e+01 5.012830928030277278e+01 5.479973882698022436e+01 5.968831621476422811e+01 6.779047969794905271e+01 7.614547082507441189e+01 8.059299264088298287e+01 7.700213197010111799e+01 7.491093812825826603e+01 8.387665382399354996e+01 8.963129079227829266e+01 9.240779634017316368e+01 8.955953214646352478e+01 8.019613371717157690e+01 7.547103651257243939e+01 7.014880344567691850e+01 7.831399521149580778e+01 8.301360240607228036e+01 8.294638124964532722e+01 8.816881022166664650e+01 9.171722026198095534e+01 9.385488709154218157e+01
-9.999000000000000000e+03 -9.999000000000000000e+03 -9.999000000000000000e+03 -9.999000000000000000e+03 -9.999000000000000000e+03 5.784945053045282037e+01 5.654526139648473304e+01 5.570127578727353068e+01 5.300797973809475394e+01 4.327541508260085124e+01 3.768972808808153729e+01 2.932404318232632079e+01 2.689910529668408401e+01 3.986132131085319941e+01 4.802972004504682957e+01 5.492142155850537222e+01 6.022964080034194723e+01 6.068186332218176915e+01 5.969808647820246961e+01 6.741030941195398896e+01 7.786870719777658678e+01 8.075171433215872696e+01 7.995664623647256519e+01 8.322135967995536987e+01 8.580936186277698141e+01 9.270515918645109821e+01 9.204901032156033125e+01 8.561097000183394812e+01 8.015873421478497107e+01 7.720350073983605910e+01 7.752589894762002132e+01 8.324827809634746245e+01 8.722460290823704554e+01 8.822973429525596600e+01 9.088992220660297505e+01 9.386932736861760418e+01 9.400702832615117188e+01
