final_code/thesis_FINALMODEL/topography/alex_increasing_int_topo.txt
ncols 84
nrows 80
xllcorner 503844.966494
yllcorner 4468102.73927
cellsize 100.0
[rows 17 to 33 of 80, columns 0 to 36 of 84]
-9.999000000000000000e+03 -9.999000000000000000e+03 -9.999000000000000000e+03 -9.999000000000000000e+03 -9.999000000000000000e+03 -9.999000000000000000e+03 -9.999000000000000000e+03 -9.999000000000000000e+03 -9.999000000000000000e+03 -9.999000000000000000e+03 1.039373920184669231e+02 1.042069602464134874e+02 1.035332513883032419e+02 1.023426746957170081e+02 9.912112209820470810e+01 9.374376633620764210e+01 7.236715254816392928e+01 8.245328217899928802e+01 8.709877159406282487e+01 8.452931305962688668e+01 8.099703786163209429e+01 7.500330324254318271e+01 7.450899507643643460e+01 7.333450430990947666e+01 7.109360340417390489e+01 6.742251225313984264e+01 6.542888953439860700e+01 6.483945698321279849e+01 6.538144646026707107e+01 6.450030150850690802e+01 6.257880345679566148e+01 6.244124104104199091e+01 5.947615694559828370e+01 4.897779493017851848e+01 4.768762599995355345e+01 5.046672648374349279e+01 5.993192779134038517e+01
-9.999000000000000000e+03 -9.999000000000000000e+03 -9.999000000000000000e+03 -9.999000000000000000e+03 -9.999000000000000000e+03 -9.999000000000000000e+03 -9.999000000000000000e+03 -9.999000000000000000e+03 -9.999000000000000000e+03 1.025433217672544401e+02 1.028946738658770670e+02 1.031898353811592273e+02 1.040109560755363134e+02 1.050708920570620251e+02 9.904635873799632861e+01 8.954352658739712467e+01 7.758092005608216368e+01 7.601620550926273268e+01 8.054490892814392566e+01 7.906862376108830404e+01 7.800359523806442041e+01 7.027835705476059047e+01 7.388762766962618400e+01 7.448098080735347537e+01 7.312031421131547404e+01 6.965195442167519957e+01 6.579647573638135327e+01 6.040383390320051404e+01 6.558135663713524366e+01 6.635553917846695526e+01 6.501125297089404853e+01 6.542713151598009347e+01 6.240049079476483485e+01 5.496976075564212749e+01 4.671057784313101990e+01 5.170200327957994801e+01 5.752428278812748630e+01
-9.999000000000000000e+03 -9.999000000000000000e+03 -9.999000000000000000e+03 -9.999000000000000000e+03 -9.999000000000000000e+03 -9.999000000000000000e+03 -9.999000000000000000e+03 -9.999000000000000000e+03 -9.999000000000000000e+03 1.022826765263875473e+02 1.012058223992142700e+02 1.007874295263025033e+02 1.031990004947688959e+02 1.032563014443740173e+02 9.837008238599368326e+01 9.211241862587905871e+01 8.191223177260053490e+01 6.774532340601973601e+01 7.193096460342768239e+01 7.414239572228252939e+01 7.191741616416517502e+01 6.561144989604414945e+01 7.270860932536902510e+01 7.326085552335817397e+01 7.221644847715910487e+01 6.862280132028081425e+01 6.510454196465576615e+01 6.035126657538928896e+01 6.191049606610717149e+01 6.413855725972278776e+01 5.891950362926278473e+01 6.408700055383700089e+01 6.130258851888025617e+01 4.863017222508636195e+01 4.880484909764999912e+01 6.049489496630440044e+01 6.412001708342764061e+01
-9.999000000000000000e+03 -9.999000000000000000e+03 -9.999000000000000000e+03 -9.999000000000000000e+03 -9.999000000000000000e+03 -9.999000000000000000e+03 -9.999000000000000000e+03 -9.999000000000000000e+03 -9.999000000000000000e+03 1.013370874554476160e+02 9.962430267413625984e+01 9.819359202700509570e+01 1.006458749282321747e+02 9.868181744892599738e+01 9.599157713923440838e+01 9.197246190950133382e+01 8.789222105265454843e+01 8.152651876658129027e+01 7.229066151568429177e+01 6.458545874371597506e+01 6.560798924617665762e+01 6.754498136650593665e+01 7.074629048387612329e+01 6.836407754932210423e+01 6.924137003959698689e+01 6.519651229864336983e+01 6.353222203073728735e+01 5.981942051486629452e+01 5.848563001342434120e+01 6.182741433703268541e+01 5.602054210352347496e+01 6.056108697440375011e+01 5.726309086490788758e+01 4.538910472762965753e+01 5.163522250293985394e+01 5.548428430539463818e+01 6.182450954747490357e+01
-9.999000000000000000e+03 -9.999000000000000000e+03 -9.999000000000000000e+03 -9.999000000000000000e+03 -9.999000000000000000e+03 -9.999000000000000000e+03 -9.999000000000000000e+03 -9.999000000000000000e+03 -9.999000000000000000e+03 9.999224401461411560e+01 9.824118767264613439e+01 9.598839487770177925e+01 9.693936794635882848e+01 9.671556138492826449e+01 9.439834424721858852e+01 9.219323564367667245e+01 8.846818333109042953e+01 8.255924509849651827e+01 7.641211808995184640e+01 6.762828956922814427e+01 6.059502372207941079e+01 6.518693853453005715e+01 6.773944423997392050e+01 6.691744343349999724e+01 6.831242823651210472e+01 6.631048616191661438e+01 6.330169716828395821e+01 5.936884066888909217e+01 5.493236578307748630e+01 5.699866063709573183e+01 5.806233099074072612e+01 5.687273673578270206e+01 4.692783758279195894e+01 4.560227189912289703e+01 5.881969849728055522e+01 6.316010503466314674e+01 6.857289610005842917e+01
-9.999000000000000000e+03 -9.999000000000000000e+03 -9.999000000000000000e+03 -9.999000000000000000e+03 -9.999000000000000000e+03 -9.999000000000000000e+03 -9.999000000000000000e+03 -9.999000000000000000e+03 -9.999000000000000000e+03 -9.999000000000000000e+03 9.794859256629844424e+01 9.426047680171731713e+01 9.309975883150980280e+01 9.236275802628694009e+01 9.065231518657004983e+01 8.935160667238845633e+01 8.765931477853803244e+01 8.248582113443821129e+01 7.138016832382331245e+01 6.491161346074557059e+01 5.933846950483311389e+01 5.869933778881114961e+01 6.413542395997326651e+01 6.157621073604653361e+01 6.614475202047069047e+01 6.661241588703144600e+01 6.476092799447395976e+01 6.109323587343128281e+01 5.206694532184301494e+01 5.545162259361156032e+01 5.910486270352323146e+01 5.522701096500480844e+01 4.650056734633039213e+01 5.014707966194950473e+01 5.920447633569375512e+01 6.258022629897621414e+01 6.965369094224035962e+01
-9.999000000000000000e+03 -9.999000000000000000e+03 -9.999000000000000000e+03 -9.999000000000000000e+03 -9.999000000000000000e+03 -9.999000000000000000e+03 -9.999000000000000000e+03 -9.999000000000000000e+03 -9.999000000000000000e+03 -9.999000000000000000e+03 9.660589613040340851e+01 9.394438954407347353e+01 9.057509838347772302e+01 8.892067190846060498e+01 8.607486082298046881e+01 8.697247887502996377e+01 8.691533248576340043e+01 7.963611585120696645e+01 7.362661225581952351e+01 7.015368247229011445e+01 6.776538393987962650e+01 5.597789832613069194e+01 5.792456259296166365e+01 5.842452055807521560e+01 6.080447946230001577e+01 6.517651205426479066e+01 6.309819209212578528e+01 6.008404552025430689e+01 5.391307608662850726e+01 5.084651797702394305e+01 5.425307455157326331e+01 5.457530962894639970e+01 4.467144302264417632e+01 4.635998828836897445e+01 5.688804023551826816e+01 6.415456031883969956e+01 7.102771925480872994e+01
-9.999000000000000000e+03 -9.999000000000000000e+03 -9.999000000000000000e+03 -9.999000000000000000e+03 -9.999000000000000000e+03 -9.999000000000000000e+03 -9.999000000000000000e+03 -9.999000000000000000e+03 -9.999000000000000000e+03 -9.999000000000000000e+03 9.576151161430051673e+01 9.323256912112002226e+01 8.935648134923691543e+01 8.455989942980605178e+01 8.113992656956803273e+01 8.370710187944887082e+01 8.634564850889393028e+01 8.301712266600648604e+01 8.055371127718368029e+01 7.664172663269877717e+01 7.329062951471271958e+01 6.242814291415074734e+01 6.374122268776054767e+01 6.448126137397554203e+01 5.299573454783754300e+01 6.088081969212708344e+01 6.089758542563077270e+01 5.794049362932551617e+01 5.319070457082008829e+01 4.593123144548702896e+01 5.440284332407051693e+01 5.642762469991084373e+01 4.397311517819720450e+01 5.180762722332102044e+01 6.483517594390880845e+01 7.024408134871984544e+01 7.475518390776028355e+01
-9.999000000000000000e+03 -9.999000000000000000e+03 -9.999000000000000000e+03 -9.999000000000000000e+03 -9.999000000000000000e+03 -9.999000000000000000e+03 -9.999000000000000000e+03 -9.999000000000000000e+03 -9.999000000000000000e+03 9.404748995635301867e+01 9.317742117072960184e+01 9.148744664367632140e+01 8.943572548980053227e+01 8.671509917843432902e+01 8.113944664610680491e+01 7.683323502581627906e+01 8.423670726023811994e+01 8.454358365469877867e+01 8.168246937865743007e+01 7.748122714786660481e+01 7.221216422459654893e+01 6.354675788725626973e+01 6.506269439865100424e+01 6.458135424309980976e+01 5.923652811282501318e+01 5.111402052208736535e+01 5.193666317837627844e+01 5.012158773076945550e+01 4.753989954378320704e+01 4.464094604044312575e+01 4.551182381964125057e+01 5.210088926382888985e+01 4.604016160160875870e+01 6.290107947004403144e+01 7.016507280662762014e+01 7.435558346971686206e+01 7.245278856170445181e+01
-9.999000000000000000e+03 -9.999000000000000000e+03 -9.999000000000000000e+03 -9.999000000000000000e+03 -9.999000000000000000e+03 -9.999000000000000000e+03 -9.999000000000000000e+03 -9.999000000000000000e+03 -9.999000000000000000e+03 9.437929541559387303e+01 9.310501212391795889e+01 9.072952090363691013e+01 8.740530109522607916e+01 8.611323682477627983e+01 8.063033335973561577e+01 7.496089557370930834e+01 8.434303843556288882e+01 8.602638139039592602e+01 8.236661614411835330e+01 7.997694759169124268e+01 7.522516780546455095e+01 6.845374192309380135e+01 6.293728995663048664e+01 6.321192901033611378e+01 6.369607156688434202e+01 6.447971694124549913e+01 6.520582846361314466e+01 6.394453627494719683e+01 6.276632469053127039e+01 5.931749894224794417e+01 4.980793642879319805e+01 4.066988363557857156e+01 6.005022885261765708e+01 7.022750435223827026e+01 7.382526427974067929e+01 7.177382096159288949e+01 6.562818003170046666e+01
-9.999000000000000000e+03 -9.999000000000000000e+03 -9.999000000000000000e+03 -9.999000000000000000e+03 -9.999000000000000000e+03 -9.999000000000000000e+03 -9.999000000000000000e+03 9.461988053116009212e+01 -9.999000000000000000e+03 9.556335238651179509e+01 9.497499411541684822e+01 9.209898003999639116e+01 8.769469455428294680e+01 8.112422849698319283e+01 7.640717710264684115e+01 7.585487343112134795e+01 8.365048734230165906e+01 8.373057613013938294e+01 8.158290286926126100e+01 7.947805049023563129e+01 7.442756384369074851e+01 6.851655254039791032e+01 6.217572031455523529e+01 5.780745441629451165e+01 6.157938570408144585e+01 6.837611709246378666e+01 7.069074604937364370e+01 6.979503207136306742e+01 6.717014393855889409e+01 6.298713570600011735e+01 5.316648340652085380e+01 4.388696803323932727e+01 6.563475904944171191e+01 7.046872784714204840e+01 6.730871476040313439e+01 6.155999497223985628e+01 6.111669882568389767e+01
-9.999000000000000000e+03 -9.999000000000000000e+03 9.719189647208857252e+01 9.594125475132030090e+01 -9.999000000000000000e+03 9.369735909870193780e+01 9.267747883367781014e+01 9.395162635029082310e+01 9.590232947667536223e+01 9.608711769945055892e+01 9.573405118466953923e+01 9.260630381430546265e+01 8.630340262800011430e+01 7.993197339870145868e+01 7.329151113985601285e+01 7.077612892608445350e+01 8.347085167551782092e+01 8.460994821341266459e+01 8.127903185367759420e+01 7.588464489896040277e+01 6.827793547141945396e+01 6.491469176033255906e+01 5.843178165832782156e+01 5.440838964432097669e+01 5.278112611076375771e+01 5.851412333628741891e+01 6.660016668806169093e+01 6.693829060684252852e+01 6.191647427042993712e+01 5.917058908925124427e+01 3.904045429399010203e+01 4.366486349558453384e+01 6.162182355390213218e+01 6.002068818130395300e+01 5.335489818123836159e+01 5.528405463742556236e+01 5.406508182681177033e+01
-9.999000000000000000e+03 -9.999000000000000000e+03 9.721070246951371985e+01 9.460450911258057261e+01 9.304697887085661989e+01 9.231555481979681588e+01 9.153886007567328420e+01 9.259052949320074788e+01 9.521237154544400028e+01 9.614673882930553361e+01 9.545379329446240035e+01 9.069237821766282082e+01 8.578625572659399268e+01 8.333613247843021554e+01 7.575830407775127640e+01 6.646428630371606516e+01 7.888864713500936432e+01 8.367544228908867865e+01 8.169682326646930903e+01 7.946850889129591167e+01 7.214865176845773931e+01 6.858226683880316443e+01 6.745495168936557207e+01 6.234275029134857959e+01 5.198771323056053006e+01 5.032658519778715345e+01 5.499483893529613709e+01 5.179196456246954483e+01 5.190981829430583616e+01 4.531900877221011825e+01 3.875781166012975376e+01 4.202803750917271941e+01 5.170094027195982989e+01 5.154618720210690697e+01 4.797116154852551517e+01 4.887951477842375425e+01 5.085705757450173792e+01
-9.999000000000000000e+03 -9.999000000000000000e+03 -9.999000000000000000e+03 9.534579852304906922e+01 9.173890919576196268e+01 9.027740937528791676e+01 8.985846521154165600e+01 9.234159672039646694e+01 9.435744821491351786e+01 9.512802185559989709e+01 9.417700816390332363e+01 9.148529943962095956e+01 8.858118949030475164e+01 8.310030732194358905e+01 7.648403227211298372e+01 6.367021499101726789e+01 6.917599802694306277e+01 7.745163120837558779e+01 7.591575049883189763e+01 7.633022893875310899e+01 7.153012708159519661e+01 7.237685730257192063e+01 7.283049314361494453e+01 6.574336252462396146e+01 5.877108168369962016e+01 4.649020411892418281e+01 4.583033677629787661e+01 4.695059772171181578e+01 4.390473715904057173e+01 4.327402239897081415e+01 3.807748983820818722e+01 4.172281164362313177e+01 4.279476549940758900e+01 4.535034230294658641e+01 4.762205787439881988e+01 5.035465996923743859e+01 4.848753756134041026e+01
-9.999000000000000000e+03 -9.999000000000000000e+03 -9.999000000000000000e+03 9.641315967638008999e+01 9.177580424282896843e+01 8.956317613933869382e+01 8.984774741926121067e+01 9.193953991939247317e+01 9.371967138648179230e+01 9.417407921946568194e+01 9.212357739630097342e+01 9.068628650736664554e+01 8.698046179651038301e+01 8.238764023346614351e+01 7.548763078351537104e+01 6.763033321346307503e+01 6.009815586452261726e+01 5.898207394649197965e+01 6.193858848884156032e+01 6.717658542724770143e+01 6.381027787666378970e+01 7.255731700644798821e+01 7.341633658973313459e+01 6.806992483529772642e+01 6.183052924585607002e+01 5.112024829595592479e+01 4.251741667580590445e+01 4.476020191605390863e+01 4.401200451498196742e+01 3.812863119901787456e+01 3.735500642878502475e+01 4.276624433489281074e+01 4.661086419742661491e+01 5.012245617137065778e+01 5.082705071178959599e+01 4.967759193738368850e+01 4.347967033044909613e+01
-9.999000000000000000e+03 -9.999000000000000000e+03 -9.999000000000000000e+03 9.693372917658754773e+01 9.182827833661951900e+01 8.924069914231708367e+01 8.829227594360239095e+01 9.094360160411882532e+01 9.217919752865948624e+01 9.193300972382722591e+01 8.938934604576172660e+01 8.765921652570990830e+01 8.542751815287797967e+01 8.237230039814984650e+01 7.857843771447301151e+01 7.469251274751992753e+01 7.466076116117086769e+01 7.083670781397528060e+01 5.559805694569196532e+01 5.573415732447409709e+01 6.110218254449490161e+01 6.829296481866310842e+01 6.974830710946288548e+01 6.745209646080208188e+01 6.211594092725268013e+01 5.375025642707301898e+01 5.443927283594072719e+01 4.880408921763265084e+01 4.109907688028073380e+01 3.687895310522724657e+01 4.351657819573278374e+01 4.863680830393347776e+01 5.104690081723550321e+01 5.317387385355035434e+01 5.264534123461724846e+01 4.977573114984699032e+01 4.661334136570243913e+01
-9.999000000000000000e+03 -9.999000000000000000e+03 1.019985512367232445e+02 9.611635869794369569e+01 9.150734193260106508e+01 8.844573180781672761e+01 8.702850260040121100e+01 8.899472256774976131e+01 9.061359143964544671e+01 8.943268459391875069e+01 8.561981842835059808e+01 8.067748490711720422e+01 8.147061825080730557e+01 8.108655238106322827e+01 8.029215790192520785e+01 8.028017777557090540e+01 7.720517102041091562e+01 7.240479658087731707e+01 6.710897205129775500e+01 5.477849098006161199e+01 4.957368197508933605e+01 5.640441784827469007e+01 6.152550796074883976e+01 6.282831727977799829e+01 5.449173441497336512e+01 5.020501500505624648e+01 5.019535234581513095e+01 4.856711868905491514e+01 4.208250374335590749e+01 4.051881922814385462e+01 4.658150062550262049e+01 5.151242942034760119e+01 5.347044845507331701e+01 5.446240705674161831e+01 5.257364290554372133e+01 4.315727743089937007e+01 4.276532034704280960e+01
