final_code/thesis_FINALMODEL/topography/alex_ascii_100.txt
ncols         84
nrows         80
xllcorner     503844.96649413
yllcorner     4468102.7392659
cellsize      100
NODATA_value  -9999
[rows 0 to 28 of 80, columns 0 to 64 of 84]
-9999 -9999 -9999 -9999 -9999 -9999 -9999 -9999 -9999 -9999 -9999 -9999 -9999 -9999 -9999 -9999 -9999 -9999 -9999 -9999 -9999 -9999 -9999 120.7845 112.9258 102.853 91.97271 84.41346 83.06036 84.36403 83.13602 84.70541 83.26572 84.744 86.94543 -9999 -9999 -9999 -9999 -9999 -9999 -9999 -9999 -9999 -9999 -9999 -9999 -9999 -9999 -9999 -9999 -9999 -9999 -9999 -9999 -9999 -9999 -9999 -9999 -9999 -9999 -9999 -9999 -9999 -9999
-9999 -9999 -9999 -9999 -9999 -9999 -9999 -9999 -9999 -9999 -9999 -9999 -9999 -9999 -9999 -9999 -9999 -9999 -9999 -9999 122.4527 123.6096 120.7861 119.0533 112.4182 104.4786 91.6976 84.40474 79.97602 80.16541 80.33558 82.4388 79.09789 79.93766 84.39029 83.20844 83.51271 87.25574 -9999 -9999 -9999 -9999 -9999 -9999 -9999 -9999 -9999 -9999 -9999 -9999 -9999 -9999 -9999 -9999 -9999 -9999 -9999 -9999 -9999 -9999 -9999 -9999 -9999 -9999 -9999
-9999 -9999 -9999 -9999 -9999 -9999 -9999 -9999 -9999 -9999 -9999 -9999 -9999 -9999 -9999 -9999 -9999 -9999 121.4227 119.9491 118.5968 117.5896 117.4171 117.5708 111.917 102.2422 90.74635 83.5343 79.29224 77.21031 77.07384 77.14404 76.41358 81.88634 83.27812 80.88771 79.49915 83.46748 86.52024 -9999 -9999 -9999 -9999 -9999 -9999 -9999 -9999 -9999 -9999 -9999 -9999 -9999 -9999 -9999 -9999 -9999 -9999 -9999 -9999 -9999 -9999 -9999 -9999 -9999 -9999
-9999 -9999 -9999 -9999 -9999 -9999 -9999 -9999 -9999 -9999 -9999 -9999 -9999 -9999 -9999 -9999 -9999 119.0062 118.3336 118.0992 118.117 115.6486 109.7175 110.1206 106.2809 96.84707 88.20707 81.6801 73.91602 75.63707 75.89127 75.12224 76.33006 78.49468 78.26082 76.09375 79.46757 82.88673 85.69373 -9999 -9999 -9999 -9999 -9999 -9999 -9999 -9999 -9999 -9999 -9999 -9999 -9999 -9999 -9999 -9999 -9999 -9999 -9999 -9999 -9999 -9999 -9999 -9999 -9999 -9999
-9999 -9999 -9999 -9999 -9999 -9999 -9999 -9999 -9999 -9999 -9999 -9999 -9999 -9999 -9999 -9999 120.9886 119.4046 118.4089 119.2346 116.8375 112.744 104.9462 100.0512 95.79582 90.63164 84.92095 78.45289 79.73229 75.24475 71.24307 71.08898 77.54284 79.73392 77.77551 77.80099 80.31221 82.08992 83.52577 86.42462 -9999 -9999 -9999 -9999 -9999 -9999 -9999 -9999 -9999 -9999 -9999 -9999 -9999 -9999 -9999 -9999 -9999 -9999 -9999 -9999 -9999 -9999 -9999 -9999 -9999
-9999 -9999 -9999 -9999 -9999 -9999 -9999 -9999 -9999 -9999 -9999 -9999 -9999 -9999 122.1424 121.1087 120.5216 117.9997 115.4973 109.9998 112.1773 108.075 103.4794 98.17489 92.19513 86.55872 81.57126 83.08019 81.88786 76.83922 71.11234 70.05049 75.19824 77.82352 70.55191 78.66918 81.39375 83.98804 86.53283 87.9485 -9999 -9999 -9999 -9999 -9999 -9999 -9999 -9999 -9999 -9999 -9999 84.61054 82.55192 81.04677 81.94617 83.30125 83.52791 81.8849 -9999 -9999 -9999 -9999 -9999 -9999 -9999
-9999 -9999 -9999 -9999 -9999 -9999 -9999 -9999 -9999 -9999 -9999 -9999 122.0596 121.853 120.5547 115.8061 112.0783 111.043 108.9622 106.0113 105.2269 104.8517 100.9342 96.73726 91.68553 87.38064 86.63187 85.42278 82.33298 78.40508 71.63589 65.19203 70.47865 67.80904 76.49993 81.0644 83.64523 85.14123 85.89545 84.94452 85.28446 86.35139 -9999 85.24801 83.0528 81.40219 82.21246 81.92055 84.53808 84.72533 85.39506 83.91936 82.05189 79.80598 79.19663 80.92493 81.51301 79.02897 -9999 -9999 -9999 -9999 -9999 -9999 -9999
-9999 -9999 -9999 -9999 -9999 -9999 -9999 -9999 -9999 -9999 122.507 121.8358 121.2027 118.4976 112.9692 110.1653 108.9799 108.3982 107.4921 105.9626 101.0181 98.67841 97.04818 94.22211 85.28477 83.13469 85.58971 83.71901 82.02695 78.19644 74.44767 67.5588 64.51121 72.77135 76.74142 76.29604 77.34307 81.55748 80.01959 78.07214 83.27836 85.62151 86.03101 84.93771 82.36701 77.73948 77.32367 80.48844 81.26854 80.16116 83.60811 83.39817 81.95937 80.08088 76.68494 78.83719 78.91855 76.21539 -9999 -9999 -9999 -9999 -9999 -9999 -9999
-9999 -9999 -9999 -9999 -9999 -9999 -9999 -9999 -9999 121.6896 120.7842 118.1873 116.6608 112.9381 109.2016 107.349 107.9109 108.0956 106.6526 103.7081 100.3098 93.5175 87.09438 82.18166 77.97485 81.02695 82.57609 80.84456 78.32444 79.77583 78.00241 73.98273 59.75411 68.92484 73.03379 72.58722 77.30479 75.97097 72.90424 80.18494 83.8046 84.23185 81.07542 84.07346 82.92994 80.55831 72.85018 77.894 75.6217 80.14837 79.86341 80.67317 80.39934 79.16972 75.22733 75.40477 75.56811 74.46576 -9999 -9999 -9999 -9999 -9999 -9999 -9999
-9999 -9999 -9999 -9999 -9999 -9999 -9999 -9999 -9999 120.0427 113.1569 110.0679 109.0236 107.8619 107.2357 105.7536 105.3611 104.5465 102.8383 102.2272 97.51723 90.5972 85.12266 77.94703 74.30131 77.41199 78.89725 77.17197 74.61662 77.12788 77.60117 75.10716 64.77222 61.71078 63.44538 72.81737 70.66013 74.24658 77.18354 79.57921 80.57406 80.22523 75.68156 78.54753 79.51229 78.45398 74.92422 69.70838 72.1441 75.6717 76.23692 75.12447 77.30422 77.12256 75.7906 73.53312 72.85249 -9999 -9999 -9999 -9999 -9999 -9999 -9999 -9999
-9999 -9999 -9999 -9999 -9999 -9999 -9999 124.5263 120.0291 113.332 107.8519 105.3248 105.9722 104.5949 103.7111 102.5064 103.1003 103.0811 100.2317 94.71471 88.04278 84.2035 82.31281 73.58617 70.54203 73.88759 73.62037 70.4845 70.80436 70.87465 69.70611 69.12737 69.89574 66.68298 59.12188 68.34552 60.79943 66.45752 72.89368 76.08897 74.02218 74.80093 71.87095 73.99756 75.9051 75.10106 73.41344 66.8289 73.53029 73.11449 72.31914 71.1833 72.84355 72.33915 72.31282 -9999 -9999 -9999 -9999 -9999 -9999 -9999 -9999 -9999 -9999
-9999 -9999 -9999 -9999 -9999 -9999 119.4011 114.7361 111.7654 108.2302 104.3301 98.29747 101.1169 101.5722 103.3209 102.2742 97.84983 99.81441 98.26946 93.00439 89.15277 84.90309 79.49297 72.51517 67.76384 70.60565 69.90498 68.04077 69.06717 68.93442 69.00228 69.91922 69.94254 67.56501 55.10712 62.02798 58.65543 66.34265 71.30818 71.41999 68.66413 71.06928 68.54212 71.41439 72.21285 70.59119 67.23767 67.01932 69.10133 67.37596 67.63335 68.30809 70.96758 71.67932 74.00406 -9999 -9999 -9999 -9999 -9999 -9999 -9999 -9999 -9999 -9999
-9999 -9999 -9999 -9999 -9999 -9999 -9999 110.5707 108.7292 105.6079 101.1556 95.79053 93.2359 98.16907 101.9359 100.9114 95.50011 97.21585 98.45761 98.42309 94.27269 89.39679 81.46271 71.96565 64.48534 68.16472 69.04292 64.00416 64.78662 68.24411 70.23931 68.42228 66.88145 66.89114 63.3205 54.58418 64.29704 65.19055 63.96371 61.96174 67.44538 68.0647 63.73637 68.0557 67.63531 64.45764 63.32629 69.02637 71.80987 73.94336 74.11107 76.25472 76.02207 77.05423 77.00578 -9999 -9999 -9999 -9999 -9999 -9999 -9999 -9999 -9999 -9999
-9999 -9999 -9999 -9999 -9999 -9999 -9999 -9999 106.084 103.1579 99.95938 95.48312 88.02603 88.49921 96.60506 98.11144 94.99693 93.91379 97.17812 95.46593 90.10096 82.33234 73.44373 68.37425 61.87218 66.03874 66.88237 61.31107 64.22747 67.16241 67.01504 65.87322 68.0367 66.98188 63.86486 51.94154 55.21252 62.50208 64.03947 65.6943 67.28677 66.44398 62.58129 61.06236 64.31811 71.52559 74.75031 73.49247 78.09599 78.35485 79.19033 79.8551 79.59825 79.63058 79.75439 -9999 -9999 -9999 -9999 -9999 -9999 -9999 -9999 -9999 -9999
-9999 -9999 -9999 -9999 -9999 -9999 -9999 -9999 -9999 102.9516 101.1031 96.04866 88.95712 83.23161 86.90224 91.39751 90.73247 91.60451 92.14354 88.00084 86.6466 76.94884 67.37823 64.26195 59.53917 61.81392 62.39323 57.9095 62.1609 64.33227 62.60308 58.52805 65.49937 66.53036 58.6757 50.47178 60.25928 61.69094 61.95797 61.49553 59.34972 56.91228 65.44854 67.68475 65.30168 73.93919 77.79569 78.93019 81.68106 82.71616 83.64806 83.21204 83.34948 83.48485 83.59402 -9999 -9999 -9999 -9999 -9999 -9999 -9999 -9999 -9999 -9999
-9999 -9999 -9999 -9999 -9999 -9999 -9999 -9999 -9999 -9999 99.11507 95.25471 91.20943 85.17986 78.9069 81.96098 80.37498 88.66004 88.41394 85.14499 76.33648 73.46134 68.71214 65.54932 68.15183 66.49469 59.98186 55.65873 56.22064 60.66472 56.9766 59.61445 63.47112 61.89103 53.21178 53.18127 57.87502 55.96936 54.41834 57.50983 66.52676 70.77867 71.27599 74.68061 75.77141 77.31529 81.19218 83.93723 85.32709 85.54626 85.88596 86.07461 86.15041 86.34885 86.70315 -9999 86.11407 84.81118 83.77586 81.75897 -9999 -9999 -9999 -9999 -9999
-9999 -9999 -9999 -9999 -9999 -9999 -9999 -9999 -9999 -9999 102.6768 101.6185 100.5394 96.97636 93.23351 86.1355 80.17021 88.10167 88.55785 84.83138 77.28247 74.14687 72.11604 70.85139 70.26286 69.18993 67.78968 66.31436 62.28331 53.59753 51.61035 52.07548 51.8475 53.41514 49.14754 52.96593 50.52179 57.20037 63.00515 67.64879 67.24075 74.40206 78.46442 80.64201 82.75006 83.43186 85.54662 86.40196 85.25641 81.86717 83.35427 85.6095 86.52496 85.93056 84.98475 83.36723 81.37673 77.18375 77.16082 74.24207 73.05103 -9999 -9999 -9999 -9999
-9999 -9999 -9999 -9999 -9999 -9999 -9999 -9999 -9999 -9999 103.9139 104.1906 103.5126 102.3266 99.11478 93.7934 72.21181 82.44189 87.10434 84.51735 80.99368 74.97429 74.4902 73.31205 71.06503 67.37722 65.38799 64.81552 65.3644 64.49947 62.56851 62.44074 59.4815 48.89286 47.64563 50.408 59.94736 65.42036 69.36737 72.80492 75.85649 79.47112 82.82639 83.95634 85.24176 85.17473 85.11969 83.35835 78.94254 72.15396 78.14258 80.50906 79.44613 75.93793 77.38144 75.71724 76.30839 73.92094 70.65077 70.38036 70.41591 -9999 -9999 -9999 -9999
-9999 -9999 -9999 -9999 -9999 -9999 -9999 -9999 -9999 102.5139 102.8675 103.1631 103.9847 105.0746 99.02869 89.50206 77.52501 75.97513 80.5386 79.03666 78.00206 70.21696 73.86858 74.464 73.10538 69.63311 65.77473 60.33229 65.57566 66.34379 65.00123 65.41984 62.39502 54.97805 46.63523 51.64915 57.46922 63.43135 67.89781 73.03673 77.98675 81.17664 82.159 81.56201 78.8785 79.51327 77.15934 73.99784 70.96403 66.88215 69.32183 71.38659 73.0425 72.19363 71.02742 72.10427 70.03566 66.53187 67.04099 68.78403 70.39383 -9999 -9999 -9999 -9999
-9999 -9999 -9999 -9999 -9999 -9999 -9999 -9999 -9999 102.2585 101.1745 100.7508 103.1814 103.2489 98.34956 92.1021 81.88979 67.60168 71.8821 74.13902 71.90047 65.52561 72.70023 73.2466 72.20032 68.60021 65.08138 60.30565 61.87873 64.13075 58.85185 64.0865 61.3097 48.55589 48.74105 60.52777 64.11584 67.78844 71.90657 76.66317 78.96426 75.72737 77.61455 75.20824 68.7974 70.84695 68.17278 69.89915 68.20168 64.78002 67.34039 67.94344 68.27074 66.74691 65.69913 67.79035 65.74568 66.00498 67.37758 69.08443 69.52216 -9999 -9999 -9999 -9999
-9999 -9999 -9999 -9999 -9999 -9999 -9999 -9999 -9999 101.3139 99.5938 98.15234 100.6325 98.64726 95.96395 91.94238 87.88476 81.54174 72.24653 64.49586 65.57269 67.52444 70.73588 68.31585 69.22038 65.14772 63.5051 59.78334 58.44359 61.83136 55.94804 60.55453 57.27613 45.29892 51.60066 55.41206 61.77477 66.34235 74.07441 78.09303 77.80556 73.3792 66.90721 66.83349 64.63545 66.1596 64.97478 65.36151 63.79972 62.63329 64.86795 64.87364 65.76907 63.02663 65.23993 66.05529 63.13437 65.82404 66.01458 67.76564 70.41711 72.06396 73.17742 -9999 -9999
-9999 -9999 -9999 -9999 -9999 -9999 -9999 -9999 -9999 99.96423 98.21036 95.94884 96.9139 96.69909 94.37493 92.17704 88.44907 82.53374 76.4164 67.61063 60.52232 65.17533 67.72144 66.89307 68.29635 66.28648 63.27035 59.33496 54.88294 56.96301 58.04238 56.86261 46.84624 45.51974 58.83496 63.15129 68.56429 72.37229 76.10151 78.32354 74.85125 69.64969 62.92741 63.26678 60.98811 59.95798 61.74908 62.6332 59.03505 62.18574 63.71392 63.04113 63.56797 60.52152 61.63515 60.62384 63.86542 67.93674 69.57426 73.00438 74.48646 73.91342 -9999 -9999 -9999
-9999 -9999 -9999 -9999 -9999 -9999 -9999 -9999 -9999 -9999 97.93285 94.22016 93.0657 92.33376 90.62436 89.32221 87.63976 82.48139 71.31725 64.85747 59.26799 58.64239 64.1364 61.52063 66.1362 66.59466 64.74571 61.08704 51.98927 55.43042 59.1137 55.20871 46.44043 50.12636 59.19904 62.53444 69.62973 74.57468 76.98302 73.23798 68.2863 65.23816 61.79009 60.0817 58.34994 57.66228 60.15313 61.20815 59.02292 61.62912 61.30226 60.81379 61.1067 58.70205 62.74331 68.5034 70.675 73.20768 74.39145 73.85287 72.80704 72.18185 71.10508 -9999 -9999
-9999 -9999 -9999 -9999 -9999 -9999 -9999 -9999 -9999 -9999 96.58282 93.91837 90.53738 88.89755 86.03614 86.94851 86.90612 79.58568 73.57707 70.11792 67.77117 55.88391 57.86551 58.36396 60.77679 65.17365 63.0731 60.06698 53.88245 50.79998 54.21837 54.56799 44.60642 46.27973 56.83907 64.11377 70.99872 75.46883 70.88097 64.65822 63.32396 58.96328 54.79623 58.32671 57.9874 57.3223 59.53956 56.35886 60.04353 57.95469 58.925 56.91912 63.02148 68.79893 69.51126 71.99655 73.40694 71.2326 70.17117 70.0518 69.34623 70.32738 69.59062 -9999 -9999
-9999 -9999 -9999 -9999 -9999 -9999 -9999 -9999 -9999 -9999 95.74442 93.21014 89.32628 84.5084 81.07986 83.68804 86.33769 82.99073 80.54508 76.62691 73.30141 62.37968 63.7264 64.50373 52.87177 60.88963 60.89599 57.93249 53.18275 45.84726 54.41763 56.45689 43.8788 51.74786 64.83505 70.22295 74.7634 72.06456 65.49896 56.97673 58.08487 54.72299 54.64074 56.54665 51.82979 56.77419 56.35886 56.55208 56.35886 61.439 64.75526 68.24172 70.3199 71.27499 71.9154 71.53033 70.45199 67.97168 67.30317 66.9138 66.68757 71.0168 71.62871 72.59504 -9999
-9999 -9999 -9999 -9999 -9999 -9999 -9999 -9999 -9999 94.01986 93.14346 91.45651 89.41444 86.70183 81.10821 76.75678 84.22137 84.52346 81.65833 77.45036 72.18102 63.47802 65.049 64.57001 59.2205 50.99397 51.85215 50.0334 47.45259 44.55605 45.42906 52.12798 45.91216 62.90988 70.14915 74.36253 72.44964 65.82315 63.23292 58.64104 53.4968 54.02707 51.4474 53.51139 53.79387 50.20505 56.85272 62.16573 65.30442 68.84875 70.02962 70.54984 70.53477 69.53089 67.03718 68.49329 66.93944 65.14487 64.31931 67.61864 71.36963 71.13705 68.29837 69.56706 71.73009
-9999 -9999 -9999 -9999 -9999 -9999 -9999 -9999 -9999 94.35133 93.07347 90.69704 87.36376 86.10838 80.61229 74.88129 84.33794 86.02302 82.33796 79.96292 75.21247 68.4348 62.88781 63.19363 63.68461 64.47754 65.20431 63.93768 62.77419 59.33665 49.78051 40.51842 60.07115 70.23679 73.84077 71.77782 65.58656 61.5032 59.09118 55.44463 50.08744 52.97869 49.92202 49.87579 55.07884 61.08548 65.68417 67.15504 67.13435 68.69295 66.04321 66.57551 68.37811 67.26027 63.96497 66.29543 63.15589 64.40875 69.38689 70.9165 68.73519 66.68311 67.48036 70.87772 74.59577
-9999 -9999 -9999 -9999 -9999 -9999 -9999 94.59261 -9999 95.53771 94.95544 92.07655 87.67647 81.07906 76.36314 75.81912 83.64165 83.69865 81.55224 79.46598 74.416 68.49897 62.14954 57.74958 61.5606 68.39853 70.69759 69.79524 67.1726 62.99486 53.18552 43.77975 65.68053 70.49227 67.30793 61.50454 61.10635 56.5627 55.10786 55.06168 49.99154 49.87365 51.64892 58.21164 63.19289 65.83901 65.34029 64.97074 64.57435 60.7017 64.21779 66.04185 65.67923 62.5323 62.37612 60.92634 66.3534 69.65295 68.16135 66.20393 63.00874 68.38129 70.22789 71.66158 74.4884
-9999 -9999 97.16621 95.91235 -9999 93.67499 92.64505 93.92252 95.88011 96.06076 95.71564 92.59299 86.27197 79.89059 73.23494 70.7018 83.48685 84.59848 81.25365 75.84141 68.20838 64.87389 58.35953 54.34046 52.70856 58.47355 66.61411 66.95906 61.8941 59.2192 38.9019 43.60217 61.66467 60.00019 53.2771 55.26433 54.02761 51.88367 53.80276 53.23201 49.85265 53.32976 59.8774 63.64194 63.68255 63.32132 62.97903 60.99007 57.73005 61.13879 61.71404 60.33244 60.71069 59.82139 63.99821 67.4028 67.48641 64.94335 61.62715 61.80556 64.88496 68.33944 74.2971 77.48239 79.30633
