final_code/thesis_FINALMODEL/topography/alex_reg_int_topo.txt
ncols 84
nrows 80
xllcorner 503844.966494
yllcorner 4468102.73927
cellsize 100.0
[rows 34 to 50 of 80, columns 37 to 73 of 84]
4.623667558496360641e+01 4.773314900226470314e+01 4.577757708648859847e+01 4.249801474268954138e+01 4.306908521667811840e+01 4.452505641650775203e+01 4.549007039079184267e+01 4.716028622268193260e+01 4.712162050279214753e+01 4.901176523268567564e+01 5.261992822264383562e+01 5.426599186335051428e+01 5.563877572039198327e+01 5.910716108037971139e+01 6.337974310180677406e+01 6.652046179332720044e+01 6.872788802391161767e+01 6.843766486538306992e+01 7.626601328589440243e+01 7.882715088953185045e+01 8.172609854710402999e+01 8.603787753741396216e+01 9.063136803682120046e+01 9.564515220219831804e+01 1.000521796068308333e+02 1.059309281107721858e+02 1.113696535670996184e+02 1.123261769153151306e+02 1.159214807405387688e+02 1.200284766992161849e+02 1.229746439772347202e+02 1.314708571224315108e+02 1.355031773267912740e+02 1.287144841167405502e+02 1.253384984100471087e+02 1.245725244203892714e+02 1.203939619435364961e+02
4.049765290489823144e+01 4.106690026372069013e+01 4.159017538243954704e+01 4.246714970344035578e+01 4.399742096689842441e+01 4.483789876173153033e+01 4.537035130481824297e+01 4.701662570074463332e+01 4.695998170749887635e+01 5.295591166998886479e+01 5.330024234016178752e+01 5.856127931958472743e+01 6.298349575848494908e+01 6.609053251266270479e+01 7.057219527166017770e+01 7.400862377514715718e+01 7.699530524207720816e+01 7.802804232433676646e+01 8.232034232976430133e+01 8.669517204041012803e+01 8.946759493880713876e+01 9.198954390360223954e+01 9.640880579538040251e+01 1.010036980533754587e+02 1.056403508250063226e+02 1.101948072087258765e+02 1.119619780548256927e+02 1.109148185781870097e+02 1.100372278774158872e+02 1.162158202927975310e+02 1.234395651064296118e+02 1.375925476835323309e+02 1.349790901819760620e+02 1.239900105995923525e+02 1.187089829069776385e+02 1.200939208521492958e+02 1.164155189039898772e+02
4.138651571698601117e+01 4.456688941753493083e+01 4.546371631370740829e+01 4.833127082271595043e+01 5.003825466894291196e+01 5.052896016955367742e+01 5.056375208251032660e+01 4.623492398291939764e+01 4.652256782922901124e+01 5.519832771406866812e+01 6.128440196167687759e+01 6.560997791368399135e+01 7.093369953855686560e+01 7.473310874588156594e+01 7.767958792257448408e+01 8.092744470720484173e+01 8.433860168649738398e+01 8.475638199967985997e+01 8.464143521532388093e+01 9.064987760867310840e+01 9.453677442095890626e+01 9.816574398210514119e+01 1.010282618953053344e+02 1.058205268881025916e+02 1.087125332669932050e+02 1.102888188391233086e+02 1.106459308742572176e+02 1.082884247277819298e+02 1.047417549740053317e+02 1.115359253512971378e+02 1.155242761104958902e+02 1.354758374163251347e+02 1.349845623428563499e+02 1.244650940259281811e+02 1.154167865752161930e+02 1.129253160419571458e+02 1.142645199069053064e+02
4.751593401320356236e+01 4.939061303487201116e+01 5.196101658314157135e+01 5.178409856487547813e+01 5.675623493882038417e+01 5.882568391329522228e+01 6.082521720180713487e+01 6.043682019623777535e+01 4.855615680639628806e+01 4.786162623304461761e+01 6.734548156834175359e+01 7.340192542431813649e+01 7.871034191191969853e+01 8.117747022894583608e+01 8.393193044776808165e+01 8.751444198173587097e+01 9.017572714141911661e+01 8.983158558966323426e+01 9.038370797389256950e+01 9.434104266580203557e+01 9.828229472046352555e+01 1.014953543273504408e+02 1.035114746457781081e+02 1.059399634166581876e+02 1.071631126692827252e+02 1.069595888175361154e+02 1.057523879461201233e+02 1.022883167939165503e+02 1.007280317304166317e+02 1.013336438074890111e+02 1.081522881108107015e+02 1.182866407348986684e+02 1.198056838704109879e+02 1.154265604858894108e+02 1.118696939835069060e+02 1.101657874985837111e+02 1.126217891203341992e+02
5.470024182528590018e+01 5.137588845467558940e+01 5.885951807644931932e+01 6.187724869791364313e+01 6.546518066026740712e+01 6.812800591125981953e+01 6.833294113709929718e+01 6.721182354838312278e+01 5.906782314678083878e+01 5.086854620751196876e+01 7.409541665154422674e+01 7.954272700338418645e+01 8.288748600814001577e+01 8.520752827408350072e+01 8.697108158852078930e+01 9.002686982683015060e+01 9.308060547179914579e+01 9.456101878188407284e+01 9.620217886243982264e+01 9.903254719312249676e+01 9.986058477007057377e+01 9.966478229912043219e+01 9.692176606201000766e+01 1.000108235104711270e+02 9.823406170627283984e+01 9.718714466618169467e+01 9.365682635584639115e+01 9.345932793358734614e+01 8.934731631237407612e+01 9.427173841536338728e+01 9.991726482657804809e+01 1.034142100828106834e+02 1.064941440204808600e+02 1.064497554682295544e+02 1.072435492020961192e+02 1.080615290220123796e+02 1.097010847154354423e+02
6.275310936296689590e+01 6.469354683843306475e+01 6.699854542205008556e+01 7.042612149492768481e+01 7.327743759782481447e+01 7.519670793881000748e+01 7.492945406886954629e+01 7.127183187975040823e+01 5.150395139644960096e+01 6.079392291244390378e+01 7.660999722930252176e+01 7.790920664418612773e+01 7.769388836004607413e+01 8.172701777596218164e+01 8.617904507429781802e+01 9.087376876376946200e+01 9.530488561600924413e+01 9.761976287396927887e+01 9.707967163047645442e+01 9.614636182094095318e+01 9.385587583672074175e+01 9.013926409853883115e+01 8.605593844444905471e+01 8.503351090970221549e+01 8.421646269703276744e+01 8.195453808288820596e+01 8.703651898362996064e+01 9.007500494719032247e+01 9.952268048121455024e+01 1.058778303022024119e+02 1.085003279853227696e+02 1.126326861259631187e+02 1.123283894813260986e+02 1.104963710773173347e+02 1.086861745904699887e+02 1.079322801741841857e+02 1.080229930022991596e+02
6.989417478108879322e+01 7.073993072842401375e+01 7.329387877619906533e+01 7.800173023544596163e+01 8.007668343576366965e+01 7.937936580353587601e+01 7.572036381399931315e+01 5.670774755019570534e+01 5.601042924354958075e+01 6.140888635938124196e+01 6.868587676216691307e+01 7.558129512107190351e+01 8.113376518840222218e+01 8.532643021400895122e+01 9.047678383152613435e+01 9.283980450007422291e+01 9.276538505931962675e+01 9.142310218227240171e+01 8.501793704695975862e+01 8.172446578022162100e+01 7.774314827409939710e+01 7.742539660031013682e+01 7.662759042017185607e+01 8.493996315048023860e+01 8.772325707982005838e+01 9.319217588208537961e+01 9.606429833580739341e+01 1.016712270600471726e+02 1.056124982044764238e+02 1.090041766576037503e+02 1.125120503713841345e+02 1.158793926491859878e+02 1.204737371366625354e+02 1.194126941862246696e+02 1.152692909136397645e+02 1.115025042048921051e+02 1.085677790255513884e+02
7.542103017144904697e+01 7.685293960266355384e+01 7.703951817957575088e+01 8.040525070054339096e+01 8.241429332014629949e+01 7.844884763920588000e+01 6.738889446227175029e+01 5.679713361019206275e+01 5.311140065692784873e+01 7.158812997146425516e+01 7.661502638489501749e+01 7.958092253229411028e+01 8.277788253239747007e+01 8.462533143965130478e+01 8.611225192841313003e+01 8.381175175300471381e+01 7.615266639214449640e+01 7.398836829803698834e+01 7.034442160403651201e+01 7.312189361005070509e+01 7.518777127315685505e+01 8.362769813485290626e+01 9.035928420754993340e+01 9.379484895629919095e+01 9.532287897244913211e+01 1.005733838324774325e+02 1.036266538215113400e+02 1.059460444383233266e+02 1.088867748738566092e+02 1.118195262288432872e+02 1.156666411527490794e+02 1.188312720624863772e+02 1.227903243626050482e+02 1.259260683521870163e+02 1.215967099377491536e+02 1.191610155318056172e+02 1.123440945207868822e+02
8.121968301474385044e+01 8.239116882098559813e+01 8.429371502271854411e+01 8.358501967185760861e+01 8.478747217680272286e+01 8.131256653154345315e+01 7.959067129563499066e+01 7.494219853878148285e+01 5.362209513948329231e+01 5.624224165360880789e+01 6.041257661607248508e+01 5.974770968835311891e+01 6.096738020947724124e+01 6.211983569400484129e+01 6.414908814052409980e+01 6.443031365466663374e+01 6.683083096270337364e+01 7.726213679405535117e+01 8.221957684622472584e+01 7.697013632930256222e+01 8.567076624664788653e+01 8.835192355902532313e+01 9.388770128480301480e+01 9.984756094954246919e+01 1.027085570243472290e+02 1.050285974389715875e+02 1.076045465196382054e+02 1.096088971165943633e+02 1.125592430008994427e+02 1.159314516804869584e+02 1.201682241950709766e+02 1.233229316438131633e+02 1.271488176178746983e+02 1.280337375573104168e+02 1.257281984938301207e+02 1.225048546688345681e+02 1.162469533396860868e+02
8.686888693110704196e+01 8.780490952308561248e+01 9.138880911397575346e+01 9.080191830449751933e+01 8.931626923373960381e+01 8.773883524317650995e+01 8.606436698399740237e+01 8.026133552332480292e+01 5.568949574072927788e+01 6.372353360518530963e+01 6.881733362726615155e+01 6.894715019069741402e+01 6.956985253742909947e+01 6.844658192169171684e+01 7.274260011192723141e+01 7.913739710182646547e+01 7.274521377716538950e+01 8.406698890074837038e+01 8.936009171862490064e+01 8.226021886362451596e+01 9.149753877375103173e+01 9.573686190592039225e+01 9.948874950854889221e+01 1.040402581912329794e+02 1.067789370286791382e+02 1.083772786216972150e+02 1.106257890984602597e+02 1.136802932928966641e+02 1.177107571009506870e+02 1.213664011314335482e+02 1.256656934695461132e+02 1.281802468981164509e+02 1.297256030986142150e+02 1.284168756670219977e+02 1.262552331962250207e+02 1.239434213522068262e+02 1.169445960957700379e+02
9.212299158455992654e+01 9.354430225496054163e+01 9.467758744283759142e+01 9.472686151207992111e+01 9.130277603343851922e+01 9.107752354681129248e+01 8.795368220113616076e+01 7.996941500268962955e+01 5.704760541178302446e+01 6.565002980506159247e+01 7.438607571865470902e+01 7.766804748079763954e+01 7.835272362885990560e+01 7.876117568898280297e+01 7.815564826906867779e+01 8.526586306825389272e+01 8.289727186042152596e+01 8.130788726743831774e+01 9.052506124051278391e+01 9.236761991367835378e+01 9.271321993891355362e+01 9.963373757659360308e+01 1.031527931753486911e+02 1.074874712645465706e+02 1.104516001724923910e+02 1.122802139415689311e+02 1.150791997670506106e+02 1.199955367873578211e+02 1.234155367319021508e+02 1.271145405895029512e+02 1.294877956791763722e+02 1.304506549761002248e+02 1.296039161146657364e+02 1.263948329739305763e+02 1.256977845207837419e+02 1.263898257479000051e+02 1.199797721232336301e+02
9.244396769322678153e+01 9.523008675055906735e+01 9.661313127873918916e+01 9.517870903132340743e+01 9.141356087372084005e+01 8.770929988824291001e+01 8.087980908736155072e+01 6.579970272641385520e+01 6.164643203330146548e+01 6.455814510700842845e+01 7.679034336753151990e+01 8.189881055304302038e+01 8.532568613759484322e+01 8.522254458130866794e+01 7.856097872114273173e+01 8.927310402831696479e+01 8.961619826417773993e+01 8.514712749847284101e+01 9.408126078815134008e+01 9.765381119530348997e+01 9.892231248210279659e+01 1.025323198678658798e+02 1.069144328954754428e+02 1.103274650515521245e+02 1.141380548766612435e+02 1.171405544701403585e+02 1.214091689505260518e+02 1.246618543724609651e+02 1.276524582018577547e+02 1.301408017752213482e+02 1.298013453891192910e+02 1.284663431839749421e+02 1.258837073296040359e+02 1.235591932375904918e+02 1.196517580386887971e+02 1.198284181385923262e+02 1.135540608233860098e+02
8.991872635845103900e+01 9.415835704527721362e+01 9.425529411879642794e+01 8.855437966245649761e+01 8.162116067063703895e+01 7.672693546969219369e+01 6.562641463508869322e+01 6.012580685872187303e+01 7.185490332569077054e+01 6.935817548647243314e+01 7.901509520209877735e+01 8.533512011249823104e+01 8.999652377257143598e+01 9.038717904670149039e+01 8.501842386816599628e+01 9.093571078102583272e+01 9.419678421743479646e+01 9.123076073833064470e+01 9.641446872736034379e+01 1.011124500436590523e+02 1.035231351417008767e+02 1.074196733891166105e+02 1.105462794716070221e+02 1.141401093949587704e+02 1.181721377030527691e+02 1.222411161176576400e+02 1.249168856241536645e+02 1.285790858824181555e+02 1.302905213798170792e+02 1.304487848482670813e+02 1.279415489089016091e+02 1.241164156993716432e+02 1.217755760289195308e+02 1.232947911610426530e+02 1.167777112604634624e+02 1.133369404827823956e+02 1.140848697749197811e+02
9.043901903030490530e+01 9.405758609098799639e+01 9.261879110636172641e+01 8.756713164386759729e+01 8.515095978480917438e+01 7.683702340330457048e+01 6.198608144675379350e+01 7.290964766849822354e+01 7.976342768461431376e+01 7.565913111374094058e+01 8.317127757963373824e+01 8.850422310522577618e+01 9.245357376498597546e+01 9.448892673958576438e+01 9.043959956250517962e+01 9.514509879388768354e+01 9.808798874566333836e+01 9.884993631447677842e+01 9.745324520349606701e+01 1.040216074917364466e+02 1.083829819695560843e+02 1.118158104576226606e+02 1.147374988087255332e+02 1.185245142324532281e+02 1.233536891632949732e+02 1.272349180109621045e+02 1.291228045842721599e+02 1.309520397735892061e+02 1.313065062116277488e+02 1.301692883101611642e+02 1.273260034673658936e+02 1.241277763635298612e+02 1.208628710391167971e+02 1.171333260921738741e+02 1.151553417092681286e+02 1.132775227327691141e+02 1.172463635163485804e+02
9.352854923930485143e+01 9.517680601366936344e+01 9.242761831367388936e+01 9.045163445773260946e+01 8.357490372851719940e+01 7.674508950608222335e+01 6.293880010128806646e+01 7.977031479339157727e+01 8.433316591615995605e+01 8.305149187547968381e+01 8.269342112621987440e+01 8.845024399105776070e+01 9.354694537761906759e+01 9.772866119374634764e+01 9.796737100156843780e+01 1.001746603854874849e+02 1.027889981970147346e+02 1.035513574567064836e+02 1.045208727433108180e+02 1.086341672974736952e+02 1.127316378320344938e+02 1.171215262866753193e+02 1.199529653631652906e+02 1.245953915518833668e+02 1.277941895748617469e+02 1.305945602428483028e+02 1.320121938136111623e+02 1.319492576847911778e+02 1.300102621966227900e+02 1.317973235322567689e+02 1.307768386483994334e+02 1.268723488114156055e+02 1.272626714267827737e+02 1.207255501451772375e+02 1.151883545042074388e+02 1.139036725468230316e+02 1.170977937983296187e+02
9.534517180204180420e+01 9.407869723450754407e+01 8.767122939093962941e+01 7.186935799383454082e+01 6.667386593243784887e+01 6.576192681209278135e+01 6.924034975920440615e+01 8.158667889939646045e+01 8.896684606621084868e+01 8.982022273193074113e+01 9.281030848320479265e+01 9.636388692234926623e+01 9.775666389289375502e+01 1.006638083055147348e+02 1.022541321647211703e+02 1.030257439776900128e+02 1.060633810351953912e+02 1.076415205398268284e+02 1.092070348550949603e+02 1.124886859509392139e+02 1.174048803288531957e+02 1.222449854670660159e+02 1.265877238029128620e+02 1.279964395153835426e+02 1.307906239600661422e+02 1.327775070970243689e+02 1.331327338568742675e+02 1.313585198039499460e+02 1.264940305832152205e+02 1.277423141789487602e+02 1.309221911086693240e+02 1.222240987368860488e+02 1.200498707014511268e+02 1.167865606132065324e+02 1.154869993670809976e+02 1.163899685216783126e+02 1.180724737086579097e+02
9.364190394170539378e+01 8.986391865955778258e+01 7.850801375118813041e+01 7.511015292677036825e+01 7.803004395075973321e+01 7.983352770855223923e+01 8.495021076965467444e+01 8.908368724635502645e+01 9.422229795864257085e+01 9.562575349108708167e+01 9.834041174446636546e+01 1.014612578835158416e+02 1.017466240498421115e+02 1.036863955590400224e+02 1.057900379455945199e+02 1.066304480674500326e+02 1.093878376595661592e+02 1.114459402848286516e+02 1.141800037617149002e+02 1.166601787996606987e+02 1.214538555368950199e+02 1.265111093309032810e+02 1.293992452713336547e+02 1.313171160687469694e+02 1.326314953604603204e+02 1.343038346982226585e+02 1.355232783747358951e+02 1.371111717421078708e+02 1.266842645916304093e+02 1.221543357543101251e+02 1.231233368465148459e+02 1.200345323978109775e+02 1.171029708681849542e+02 1.162858135566255839e+02 1.174958690982179803e+02 1.203732709981962046e+02 1.214553876130772778e+02
