final_code/thesis_FINALMODEL/topography/alex_ascii_100.txt
ncols         84
nrows         80
xllcorner     503844.96649413
yllcorner     4468102.7392659
cellsize      100
NODATA_value  -9999
[rows 29 to 57 of 80, columns 0 to 64 of 84]
-9999 -9999 97.18897 94.56647 93.01921 92.28839 91.50609 92.55377 95.18845 96.12521 95.43896 90.65594 85.74071 83.33183 75.73901 66.36941 78.89565 83.68024 81.68581 79.47276 72.1216 68.54581 67.4474 62.34137 51.9125 50.26731 54.98114 51.72411 51.89413 45.25623 38.70219 41.97702 51.69674 51.5203 47.91515 48.82499 50.83946 47.88633 51.61804 50.01608 54.73249 60.62268 61.86595 61.22169 60.0499 58.45026 58.90659 55.65236 55.08815 57.77494 55.6616 60.50904 64.08801 65.10401 64.5892 61.92094 62.29136 59.21241 63.836 66.51913 69.32706 73.98145 79.22427 83.79296 87.47023
-9999 -9999 -9999 95.32593 91.69987 90.24159 89.81637 92.31422 94.33118 95.10352 94.15495 91.46121 88.57179 83.07562 76.4774 63.57011 69.1373 77.48501 75.90417 76.33276 71.5051 72.35896 72.83617 65.71679 58.76762 46.40418 45.77972 46.92587 43.84567 43.26674 38.02346 41.69726 42.72537 45.29097 47.58157 50.34466 48.46218 47.9013 46.81617 56.37479 59.97529 60.30462 59.32383 57.30342 55.90877 53.87738 55.22562 51.47119 56.98077 61.10161 62.33135 62.20247 61.14312 59.55864 59.28872 57.32716 57.12165 60.63773 61.61 65.40348 70.66885 78.54971 85.06544 90.2331 94.43718
-9999 -9999 -9999 96.39864 91.73975 89.52586 89.81789 91.91293 93.6968 94.15564 92.09457 90.66984 86.95362 82.36304 75.44958 67.59171 59.98396 58.85549 61.88155 67.17841 63.73249 72.56305 73.41666 68.05154 61.8218 51.09096 42.41434 44.7219 44.00607 38.07402 37.28889 42.72788 46.58094 50.10614 50.80704 49.66056 43.3895 50.64523 57.06361 58.29435 57.51129 56.36426 55.18677 50.70034 52.51749 49.10064 56.57946 59.34275 59.784 59.5948 58.54425 56.91925 54.56739 54.13629 59.40794 62.53987 60.59538 63.25417 64.68594 69.26038 74.33035 81.72664 90.02693 95.68719 99.51125
-9999 -9999 -9999 96.9228 91.79305 89.20829 88.25211 90.92115 92.15427 91.91106 89.36078 87.64268 85.40747 82.3488 78.55344 74.65652 74.6764 70.86919 55.47473 55.66059 61.09303 68.30153 69.74253 67.44275 62.11776 53.71286 54.47389 48.79283 41.04901 36.80524 43.50054 48.62373 51.02415 53.15713 52.62804 49.76647 46.57751 52.82255 51.79781 51.60398 51.81283 53.43555 53.53008 50.66199 51.85553 53.94899 55.75379 56.64842 55.64191 53.4685 51.4388 56.10795 59.58593 59.16443 60.37408 62.38428 64.83916 68.74368 71.95925 75.48707 81.91192 88.33715 95.45804 100.6324 105.3805
-9999 -9999 101.986 96.07875 91.4698 88.40488 86.98657 88.97418 90.59329 89.41442 85.59827 80.62892 81.4461 81.06549 80.27631 80.2828 77.19314 72.38866 67.13969 54.71447 49.47079 56.37992 61.5159 62.84006 54.43651 50.14561 50.16815 48.57462 42.06087 40.48156 46.58601 51.53357 53.48497 54.47699 52.59629 43.08272 42.70953 44.00047 47.4677 49.94578 50.1128 51.86886 50.59745 46.02612 49.64097 52.27718 52.01797 50.16351 49.06203 53.89591 54.89401 56.35375 61.26385 62.40728 65.28549 69.12072 71.23913 73.15821 79.61606 83.2289 89.38903 94.7593 100.4204 106.255 109.8859
-9999 -9999 -9999 96.97666 92.57813 90.11898 86.87049 84.30969 88.69378 85.68295 80.26891 74.76189 77.02824 77.31812 76.47366 77.68007 75.36228 69.76601 64.52583 59.01131 51.99805 44.50766 50.15704 53.37452 51.97219 53.06768 46.81677 40.19493 35.43711 39.37585 38.82686 39.5118 41.34843 43.1021 41.68713 43.49714 46.65366 46.22451 47.73332 45.75219 42.43643 43.00988 44.47919 45.45764 47.12928 47.07283 48.95793 52.60131 54.24004 55.58772 59.06781 63.3532 66.48752 68.70023 68.36713 76.25483 78.7961 81.69514 86.00918 90.60551 95.62017 100.0179 105.9064 111.3659 112.3003
-9999 -9999 -9999 96.38124 95.04053 91.68728 84.88715 81.66861 85.28575 81.39197 75.22111 67.86481 73.04807 71.30112 71.34322 71.89633 72.53299 72.8633 70.77867 64.05023 64.90069 59.67335 41.31161 43.17308 49.02749 48.20111 45.09711 34.16634 35.2525 36.50766 36.60771 35.90459 36.79041 37.09579 38.90361 39.64655 44.78238 40.43595 41.00908 41.53723 42.4195 43.9558 44.79443 45.32298 46.99422 46.91447 52.94764 53.23638 58.52673 62.95638 66.05276 70.54623 73.98233 76.97427 77.99777 82.30151 86.6816 89.44669 91.95433 96.38242 100.9759 105.6185 110.1853 111.9461 110.8886
-9999 -9999 -9999 -9999 91.09829 86.89056 81.55789 77.71822 80.61359 76.54168 69.18864 61.68031 70.1318 65.35628 63.20191 65.31725 72.71429 75.10281 72.44102 71.19132 68.6848 63.66043 53.54849 38.55829 44.67288 39.60654 37.26811 35.00808 37.34797 41.39666 43.79841 44.59619 46.00209 40.24371 48.39407 41.82776 40.60397 41.33561 44.54052 45.42153 48.31231 50.01062 50.49372 50.53268 46.15017 46.46275 55.20376 61.26563 65.57585 70.90931 74.71258 77.65196 80.89871 84.32214 84.73343 84.58519 90.62748 94.51204 98.14679 100.9996 105.81 108.7001 110.2727 110.6345 108.2722
-9999 -9999 -9999 -9999 85.53172 83.88048 78.57352 71.61794 74.55232 69.68016 65.50835 58.00693 66.12891 60.46669 59.02247 57.78921 72.61034 74.17333 74.81983 74.15923 70.42822 64.78193 57.27987 40.35389 39.45984 37.52377 33.92113 39.67891 45.0209 50.04068 52.20564 47.46476 50.41092 51.03706 47.98 45.53478 50.07784 47.47118 49.36761 51.93854 51.72148 56.72969 58.79383 60.81054 60.46135 48.47129 47.74608 67.35242 73.37945 78.69936 81.15425 83.90948 87.49939 90.16334 89.80083 90.3447 94.30904 98.26127 101.4841 103.5068 105.9312 107.1588 106.9514 105.75 102.2617
-9999 -9999 -9999 -9999 -9999 83.02038 80.32713 73.26761 63.50528 62.12119 61.14973 52.62921 59.29408 54.55698 52.9323 66.65459 71.53488 74.95883 75.01283 73.46799 70.38245 66.45523 61.8678 52.83232 41.38733 33.2382 41.27303 49.30703 53.76818 58.01962 58.19027 54.85721 50.69646 49.78334 49.93625 47.93005 52.79713 54.68344 51.2839 58.83956 61.85086 65.44114 68.1121 68.31 67.20996 59.09038 50.73068 74.12858 79.5414 82.88773 85.20119 86.94908 90.00239 93.05776 94.53606 96.18356 99.03043 99.85567 99.66457 96.88808 100.0211 98.21719 97.18061 93.60269 93.42606
-9999 -9999 -9999 -9999 -9999 84.2046 83.31638 75.12348 67.12097 55.25312 52.09553 47.25071 51.89178 44.2785 57.80798 62.54132 71.60225 73.88455 71.25276 64.04446 61.1625 65.99844 62.90509 57.29532 37.03415 36.86784 51.83815 60.03982 63.57552 64.85625 58.07269 61.47121 53.46854 59.28957 58.60418 59.45066 59.19004 62.73096 64.68403 66.97137 70.4013 73.25372 75.18182 74.92608 71.34126 51.35802 60.77293 76.65148 77.88623 77.62817 81.67662 86.13474 90.84211 95.2951 97.62476 97.08817 96.15361 93.85936 90.12018 86.0142 84.96162 84.14192 81.82958 86.96904 89.98521
-9999 -9999 -9999 -9999 -9999 84.40393 82.11396 76.74171 70.11533 64.34666 54.20341 45.96782 42.47382 42.58013 53.59175 65.53679 71.65289 73.4981 70.17026 62.97726 55.13037 50.13326 56.82408 40.21941 32.42783 41.49184 54.79808 64.78792 68.25082 58.99899 67.35251 65.22982 64.28165 66.2518 66.59631 67.51237 67.28373 69.87449 70.70568 73.26583 77.99464 80.06792 79.37292 75.76068 56.58504 55.98541 61.34719 68.61274 75.53795 81.1135 85.30662 90.47993 92.84853 92.77959 91.44009 84.9874 81.68083 77.6653 77.34414 76.507 84.9013 87.67494 93.18144 96.03151 101.6676
-9999 -9999 -9999 -9999 85.19078 83.36743 81.51339 77.29927 71.36841 65.68143 61.12504 49.14606 45.97789 38.04984 47.02874 62.05216 72.29002 74.84934 72.72424 66.57322 61.03691 50.41995 39.66152 31.36135 37.71469 41.22092 38.21261 49.3466 59.65856 68.49139 69.14061 69.25492 70.59882 72.68734 72.59844 71.38174 72.89034 75.39409 76.82896 76.99137 80.37772 82.4019 78.42908 67.30018 56.69743 53.00982 71.66948 76.65995 79.61856 82.81891 84.65888 86.14359 83.82716 76.08733 73.90482 70.22186 73.05973 75.10364 83.60768 90.36847 93.77898 95.28374 100.5587 103.6097 105.9168
-9999 -9999 -9999 -9999 83.08046 81.6209 79.53404 75.47382 70.91186 64.83656 61.857 58.94341 58.07597 37.03588 55.14898 68.78625 74.10051 75.16809 71.25842 64.82592 53.21455 44.86701 32.78618 30.78419 48.1452 54.86863 51.31786 58.56638 57.97614 58.0713 61.93766 70.87682 75.695 78.04504 77.32497 74.95555 77.33433 81.19852 82.36026 84.27242 83.53895 84.76546 81.26826 79.58598 74.99665 53.52089 56.144 60.32748 59.63103 60.85236 62.00666 64.03846 64.2986 66.73597 77.23853 82.23286 76.89737 85.67197 88.30706 93.8514 99.83241 102.6903 105.0018 107.5797 109.5759
-9999 -9999 -9999 82.48241 81.30369 78.6484 76.73018 72.82864 67.67726 60.81264 58.36192 60.69665 58.13873 34.55125 60.68388 68.59901 70.06384 68.11361 56.73214 44.71856 41.38039 30.9492 30.26167 43.67215 51.96456 56.02074 57.70833 59.27432 57.97614 57.97614 61.16321 68.17906 72.77287 78.99086 80.97179 82.23352 84.54264 86.84468 87.76726 91.38222 90.78458 89.29453 87.71863 86.05969 80.30109 55.57006 63.71862 68.81028 68.918 69.54527 68.39084 72.71658 79.16894 72.65378 84.08208 89.38291 82.17103 91.49567 95.71892 99.46279 104.0183 106.7541 108.3447 110.5903 113.642
-9999 -9999 -9999 82.20222 79.39972 74.65382 71.90704 69.60197 66.23312 58.86885 56.88738 59.44807 56.56807 32.07115 59.09476 64.97858 48.86083 36.17311 34.34168 33.54805 30.08105 31.53465 37.64056 41.30032 51.3599 57.90945 64.36317 65.83827 64.10807 58.74116 57.97614 60.34898 70.47472 80.20338 84.66525 87.83304 89.93128 92.10989 93.5274 94.65522 94.71732 91.26974 91.07547 87.96343 80.02193 56.91998 65.62917 74.38123 77.65891 78.32939 78.74581 78.11883 85.26943 82.87571 81.22935 90.50996 92.35645 92.65118 99.61708 103.121 107.4639 110.4256 112.2456 115.0387 119.9753
-9999 -9999 -9999 79.40109 76.87127 71.32764 66.49013 64.82332 60.08586 47.81623 57.22418 57.15967 51.62397 30.68266 55.67456 33.36853 27.12979 29.24292 28.96344 29.92596 37.62561 50.58732 46.7537 56.60768 58.13251 64.71098 70.36635 72.11449 75.42905 76.36455 57.97614 59.82162 75.09843 83.03616 87.26314 90.3009 92.38139 92.41508 95.21265 96.60403 95.17612 91.41227 87.71044 80.89724 65.71554 61.58155 64.48592 76.78188 81.87657 85.31297 85.21566 78.46538 89.27998 89.6067 85.07366 94.07077 97.63629 98.89111 102.4953 106.8884 110.2944 114.1102 117.1071 121.3909 124.6355
-9999 -9999 77.62325 75.62397 73.3756 67.70844 60.13646 56.99437 51.73434 44.65251 57.7271 57.99389 46.92582 27.95592 29.81653 26.73997 32.30706 36.58882 42.58743 48.98899 54.35151 58.26579 53.84525 63.70943 65.61546 73.26918 78.41517 81.87714 83.1004 77.78815 65.2523 57.97614 64.00666 76.2112 76.1762 78.62604 81.54855 89.89246 94.13812 94.24048 88.51276 81.54841 76.68398 65.54869 59.99552 71.87275 69.29034 78.9899 85.31135 89.98566 90.3773 84.96031 90.90681 94.18722 91.17415 96.3904 101.0913 103.489 107.3941 110.5142 114.1081 118.1396 122.2162 124.8829 128.5598
-9999 -9999 -9999 71.85432 66.52419 61.18762 54.96134 46.70918 49.94576 49.44231 58.0398 54.59492 40.35983 26.39259 28.52847 31.48916 34.16957 40.69255 47.83681 54.17633 64.80872 57.63573 61.06403 70.07922 72.96819 77.81874 83.08047 86.90699 84.80082 73.21322 69.38841 58.91095 65.14955 68.08878 74.61576 81.19669 85.63145 90.40582 94.03925 92.59574 87.51938 85.15297 76.82698 61.87098 72.90894 79.77469 75.59392 83.16151 88.48809 92.43363 94.47943 90.37965 95.11863 98.06264 98.83524 97.38438 103.9939 108.3579 111.7855 114.703 118.4876 123.3293 127.216 129.0975 130.9309
-9999 -9999 -9999 67.45279 64.21988 56.17972 48.81785 40.9362 41.19516 50.09046 54.37844 46.52118 25.96112 26.72463 33.67502 37.11674 37.88844 40.01481 54.51918 60.42783 63.61124 75.48679 72.40619 68.71687 78.63933 84.49598 89.25072 88.87878 84.92953 76.44803 69.28792 72.03529 74.82668 77.22445 82.06036 85.54883 90.66497 93.50632 95.16631 92.409 90.49724 83.58894 76.76672 62.8077 79.79028 84.32023 83.02157 82.61687 88.4004 93.51154 97.7115 97.94182 100.1505 102.7691 103.5233 104.4896 108.6072 112.7007 117.0973 119.9146 124.5779 127.7702 130.5726 131.9922 131.9299
-9999 -9999 -9999 -9999 59.2314 54.66735 54.63435 54.15947 52.06066 32.83839 48.69188 34.35711 25.92982 34.45606 40.4679 46.60645 50.1017 54.79501 59.66463 67.78238 76.1577 80.60056 76.97333 74.84423 83.86595 89.61623 92.40439 89.5619 80.14045 75.43593 70.06281 78.29844 83.00912 82.90333 88.15391 91.70328 93.83604 95.33371 94.07278 87.6813 71.7483 66.55263 65.64942 69.15962 81.55547 88.95438 89.78769 92.79259 96.34882 97.72381 100.6381 102.2294 102.988 106.0382 107.6132 109.1722 112.454 117.3777 122.2196 126.5777 127.9635 130.767 132.7548 133.106 131.3201
-9999 -9999 -9999 -9999 -9999 57.83105 56.51745 55.68967 53.0109 43.25535 37.65688 29.27545 26.82038 39.84555 48.00323 54.8986 60.21674 60.62463 59.617 67.39413 77.87806 80.74406 79.9151 83.20037 85.75609 92.70501 92.03842 85.56893 80.11798 77.16875 77.48403 83.22446 87.2049 88.19933 90.86091 93.85426 93.98414 93.6292 89.86507 78.4399 75.06882 78.01424 79.8094 84.94553 89.05106 94.20392 95.59478 98.31252 101.4466 101.7156 103.66 105.7696 106.5975 109.3605 111.4135 114.1477 116.6204 121.4242 126.4961 129.3816 131.3015 132.6062 134.275 135.4865 137.1211
-9999 -9999 -9999 -9999 -9999 58.459 57.45641 52.83444 49.64035 46.23057 30.74915 25.13222 29.86071 45.30798 55.85552 62.50861 69.41725 77.93034 69.30628 59.617 73.52155 76.92146 83.17201 89.33909 91.89205 93.06366 90.87628 85.16694 81.70187 77.58778 83.99054 88.00934 91.03091 92.27261 93.19813 -9999 92.3967 89.48109 82.47698 75.0426 76.34433 85.84122 88.81542 93.00392 96.7592 99.37528 100.7251 102.9789 104.2422 104.7026 105.5296 107.4738 109.6171 112.7387 115.6946 120.5 122.2364 125.3846 127.9207 129.0661 130.4263 132.7139 136.1367 140.1985 141.1008
-9999 -9999 -9999 -9999 62.21595 59.72869 57.55421 51.51561 43.99754 36.3497 29.48115 23.96191 37.46832 52.65625 66.03983 75.51033 82.24133 82.83164 77.54251 65.57705 68.36906 80.72932 87.4641 92.41586 92.76111 92.07624 86.19391 85.03194 84.99619 84.84326 87.79346 91.41507 -9999 -9999 -9999 -9999 93.16692 92.44382 90.02454 85.51088 75.07973 77.84164 91.17006 96.16259 99.63449 102.0904 103.2438 104.1058 104.5823 105.5346 107.7105 111.2426 114.0079 115.1174 120.9263 125.0741 126.2806 126.07 125.4793 125.7606 126.8989 127.6325 135.336 135.5932 137.551
-9999 -9999 -9999 60.29356 58.87769 58.57117 53.81126 47.43853 28.88703 22.81104 23.83246 36.4841 50.804 65.00332 75.46374 82.86789 86.31828 83.67717 76.53346 63.00768 72.78451 83.84512 88.46094 90.97932 90.16214 89.67116 89.63931 89.85572 90.82364 90.56152 90.68194 -9999 -9999 -9999 -9999 -9999 -9999 94.85709 94.73378 92.48693 86.76033 76.34267 86.31773 97.82167 100.5912 100.4861 100.7382 100.0143 102.2628 106.4508 110.4921 114.282 117.3122 120.8808 125.1074 126.0178 124.7682 123.922 120.8396 116.6321 116.3215 117.9594 123.9457 127.5128 131.1361
-9999 -9999 -9999 57.89306 52.67614 46.13115 34.00228 23.55393 23.99497 23.77847 44.36407 55.56542 69.04428 73.83768 80.98108 86.97934 87.09443 81.31178 75.11419 69.96526 76.39701 83.79617 86.10846 84.27936 87.32874 90.50234 92.04678 -9999 -9999 -9999 -9999 -9999 -9999 -9999 -9999 -9999 -9999 97.74139 98.28207 97.4939 94.51035 84.36977 79.30994 95.81558 94.34777 92.53342 95.73055 101.2806 105.0158 109.1922 113.9376 119.1653 121.9725 123.742 125.9578 124.796 119.7008 114.6601 112.7509 113.5144 117.7184 127.3964 126.0515 126.0432 128.498
-9999 50.63876 52.4439 55.10073 49.17784 39.60144 24.38071 32.55149 34.89913 42.45743 57.02726 63.61058 72.84869 77.74577 83.94586 84.56237 80.04719 78.44978 73.67555 72.2172 76.92287 78.3983 79.56055 85.63156 88.96636 90.83546 -9999 -9999 -9999 -9999 -9999 -9999 -9999 -9999 -9999 -9999 -9999 99.7614 100.6752 99.63087 97.31457 86.85355 80.69196 84.95701 89.86352 94.78601 99.83737 104.0114 108.843 113.3292 118.161 123.5275 123.7437 122.9943 124.4332 120.6521 109.3793 108.4538 116.1743 124.0145 131.1374 134.4121 130.2735 129.3249 130.7572
27.06507 30.27281 48.29836 48.30941 44.02857 31.19093 33.28284 39.46048 39.93929 46.53555 44.78814 57.81425 64.62823 72.51496 73.61388 72.5245 73.62029 77.2343 74.057 73.15802 73.35831 78.10813 82.37039 86.45116 89.503 -9999 -9999 -9999 -9999 -9999 -9999 -9999 -9999 -9999 -9999 -9999 -9999 101.729 101.5157 99.07182 93.36093 81.11132 88.29656 93.00916 97.54014 101.4529 104.6837 108.2535 112.322 116.188 121.7081 124.0088 120.681 116.5013 115.5819 107.7345 106.7554 111.44 122.4987 135.5586 138.5022 137.9357 135.4593 134.1644 134.9243
-9999 26.2519 38.56302 42.72085 40.20457 30.6657 30.91376 37.4374 51.92708 55.51 59.79176 55.41436 52.83 56.28523 61.26549 65.03015 72.94011 78.173 79.04769 78.55704 79.70188 79.5689 84.19476 87.05247 -9999 -9999 -9999 -9999 -9999 -9999 -9999 -9999 -9999 -9999 -9999 -9999 -9999 102.0337 100.0079 95.02998 92.47944 83.38648 87.96474 97.33505 102.5515 105.8946 108.0643 110.2325 113.2274 116.9569 121.5093 123.1607 111.6502 107.493 104.7072 106.0228 111.7038 118.1325 125.2387 130.2135 132.2338 137.134 138.6067 138.1551 137.3294
