final_code/thesis_FINALMODEL/topography/alex_increasing_int_topo.txt
ncols 84
nrows 80
xllcorner 503844.966494
yllcorner 4468102.73927
cellsize 100.0
[rows 51 to 67 of 80, columns 37 to 73 of 84]
8.951873218078380035e+01 8.254679764749033666e+01 7.513517325470252217e+01 7.638943445911486663e+01 8.580784959848406857e+01 8.882916743053679909e+01 9.301804647038628104e+01 9.677158611229187102e+01 9.939394051605431457e+01 1.007494201059688805e+02 1.029953231874405901e+02 1.042621744425304229e+02 1.047267467072233842e+02 1.055627634870394758e+02 1.075092934247221308e+02 1.096528348219714815e+02 1.127646431083889524e+02 1.157315666438850741e+02 1.205155669616259928e+02 1.222650580352046035e+02 1.254028336486581310e+02 1.279350799556662253e+02 1.290874184707049608e+02 1.304505482430890879e+02 1.327316894622872780e+02 1.361600484397319804e+02 1.401926507522441909e+02 1.410890560692027407e+02 1.349874048697787430e+02 1.247366483631030007e+02 1.199093553769234006e+02 1.177019959239859048e+02 1.172803244732522359e+02 1.187372931170890809e+02 1.217299340681189648e+02 1.255571724557353264e+02 1.257063321462078989e+02
9.246667343133350414e+01 9.003987799200064046e+01 8.551383464932078482e+01 7.518211950509807195e+01 7.791865113022475953e+01 9.115572385535004685e+01 9.618314166129093223e+01 9.965532699419119922e+01 1.021037374226325483e+02 1.032580012977155661e+02 1.041192442718321587e+02 1.046053363328507828e+02 1.055674183095920853e+02 1.077451435406871525e+02 1.112675747754806821e+02 1.140294181360784336e+02 1.151691642235548585e+02 1.209478482083987814e+02 1.250847740805520232e+02 1.262901706905488055e+02 1.260900690358934639e+02 1.255046686048864046e+02 1.257758392115892292e+02 1.269072150543677822e+02 1.276682828488549148e+02 1.353146887605245468e+02 1.356172720509577516e+02 1.375689654260159500e+02 1.384029754139433237e+02 1.292234999217966447e+02 1.248511173001999452e+02 1.189965372100995182e+02 1.201461400938807316e+02 1.237026966175413776e+02 1.257629971786313376e+02 1.289873157425371915e+02 1.305615923342128610e+02
9.488719793627650745e+01 9.475368594527103028e+01 9.250071988374881471e+01 8.676548840311758681e+01 7.645566513650243223e+01 8.634524317945904670e+01 9.781593984072829073e+01 1.005920597697075465e+02 1.004984586051600530e+02 1.007576461234196472e+02 1.000667819478552474e+02 1.023116353934855169e+02 1.064846999526138518e+02 1.105224352008680455e+02 1.143141835690150003e+02 1.173466295059117925e+02 1.209036682799099367e+02 1.251178785521954495e+02 1.260347476166985672e+02 1.247884251150993578e+02 1.239249500226420935e+02 1.208559959909650559e+02 1.166890899435617968e+02 1.163898293196735949e+02 1.180543228845021986e+02 1.240059331689142397e+02 1.275606999506599948e+02 1.311687648736090921e+02 1.322542591564938448e+02 1.282973714368260119e+02 1.251443494579566647e+02 1.222235657720896427e+02 1.238341110957569668e+02 1.285955268312453939e+02 1.299851560277675731e+02 1.325953489065297788e+02 1.348875176845796773e+02
9.776963283963834783e+01 9.830421907214656585e+01 9.750877253204579631e+01 9.450549640214957492e+01 8.439779462102869445e+01 7.942294233346140686e+01 9.576978307947530311e+01 9.438083911609963650e+01 9.260524912002919962e+01 9.579187157345000969e+01 1.013088675830861121e+02 1.050492320546778018e+02 1.092268725701098191e+02 1.139702815648528968e+02 1.191861719311598620e+02 1.219906163538003909e+02 1.237622350762304251e+02 1.259707270456553658e+02 1.248058296160107830e+02 1.197154471337395165e+02 1.147066473584395396e+02 1.128198787176687006e+02 1.135915137010368454e+02 1.177965777219130956e+02 1.273880371264726392e+02 1.260903635789376409e+02 1.260926357344546744e+02 1.285358751704411588e+02 1.291872221332114066e+02 1.269957976560533695e+02 1.244050107846783391e+02 1.274643661671797190e+02 1.284595738109269405e+02 1.316976419399671556e+02 1.332301063482487677e+02 1.357952487725248716e+02 -9.999000000000000000e+03
9.979294909115296264e+01 1.006944810868850624e+02 9.964879156364482071e+01 9.730190035680213612e+01 8.687181291952965978e+01 8.076789285848994382e+01 8.504091079022705912e+01 8.992687204680902369e+01 9.482798576547658342e+01 9.986620712076529571e+01 1.040466185400857881e+02 1.088702120695827062e+02 1.133557461139123461e+02 1.181896928271401492e+02 1.235312980928151774e+02 1.237565189926178562e+02 1.230134089507874791e+02 1.244270817401231852e+02 1.206357748690023755e+02 1.094590266258812505e+02 1.085330824140390718e+02 1.162120365193850660e+02 1.240444808547996018e+02 1.311387770161682909e+02 1.344106134760452846e+02 1.303142705713611917e+02 1.293651400177023163e+02 1.307871201213115739e+02 1.305796676701191927e+02 1.288073950972473369e+02 1.269673956553453564e+02 1.302386975748165696e+02 1.325389616339869860e+02 1.351547937840840063e+02 1.372876580558713613e+02 1.383729278610389315e+02 -9.999000000000000000e+03
1.017528671044836983e+02 1.015319748588574527e+02 9.908206558911594186e+01 9.338038936978678350e+01 8.121735962123496222e+01 8.829672828039677768e+01 9.302736248184319834e+01 9.756009070382911830e+01 1.014738864812820509e+02 1.047096629629962479e+02 1.082776983140900171e+02 1.123433537375533717e+02 1.162158850657317828e+02 1.217177020718528411e+02 1.240183150181099592e+02 1.206910451257694064e+02 1.165324841500756889e+02 1.155860592066814121e+02 1.078142678866318676e+02 1.068218475558887519e+02 1.114975090034963046e+02 1.225233133588709222e+02 1.355120555431972491e+02 1.384831906641906301e+02 1.379472640442668592e+02 1.354860218467275104e+02 1.341969069798707892e+02 1.349409445612955096e+02 1.330141328373777014e+02 1.313417114477697680e+02 1.288611542612450478e+02 1.306881491609589716e+02 1.350981985840037396e+02 1.376556636659426260e+02 1.406156984237061636e+02 -9.999000000000000000e+03 -9.999000000000000000e+03
1.020552475206764029e+02 1.000320695673464542e+02 9.508973741401941027e+01 9.250532198445780807e+01 8.345520406542745206e+01 8.799798370631624778e+01 9.734349622878818309e+01 1.025611133850310637e+02 1.059055304847745873e+02 1.080815586166378353e+02 1.102562229697365126e+02 1.132462268363801883e+02 1.169821634911217672e+02 1.215284034520870620e+02 1.231458071632680742e+02 1.117075008204906936e+02 1.075372294180684207e+02 1.047734097881695732e+02 1.060847753347420053e+02 1.117486000812147182e+02 1.181638749752897581e+02 1.252457215320372228e+02 1.302275900290742925e+02 1.322715616427395275e+02 1.371543492778320683e+02 1.386160965085263115e+02 1.381700582358838005e+02 1.373418199309669774e+02 1.343629781548110032e+02 1.319968117352587171e+02 1.316889074686370122e+02 1.352580695758943250e+02 1.378703333080376012e+02 1.402315193343367810e+02 -9.999000000000000000e+03 -9.999000000000000000e+03 -9.999000000000000000e+03
1.016887654194418644e+02 9.970590803114377820e+01 9.952404507842150849e+01 9.694832097191320486e+01 8.611883447741999476e+01 8.436810530376125428e+01 9.843543314986649762e+01 1.025045264303602295e+02 1.050475068544950261e+02 1.072396811284360325e+02 1.094854957396090924e+02 1.097524607742768552e+02 1.155541928882401521e+02 1.206791709914507749e+02 1.197452575264428418e+02 1.053921325125688639e+02 1.025023405383911523e+02 1.030030548746293135e+02 1.116375886255073624e+02 1.214555025033844942e+02 1.249324593818514586e+02 1.222458221289457612e+02 1.225322784638145066e+02 1.262415295685406278e+02 1.366386619112541041e+02 1.366658626321210477e+02 1.374902701584649947e+02 1.359713615001606115e+02 1.346075223454381558e+02 1.334096493076818319e+02 1.352263303859625410e+02 1.397307879344522803e+02 -9.999000000000000000e+03 -9.999000000000000000e+03 -9.999000000000000000e+03 -9.999000000000000000e+03 -9.999000000000000000e+03
1.038705851579285593e+02 1.042552887172162883e+02 1.028259447511128428e+02 9.326146965243788145e+01 8.931916649813443598e+01 8.748524388362208981e+01 8.948123922744690617e+01 9.829950643036734448e+01 1.013982935403063266e+02 1.049275877749414434e+02 1.086756558220660906e+02 1.036036469295865743e+02 1.151490795040202357e+02 1.207339961701599833e+02 1.086512559687465398e+02 1.006210102648332310e+02 1.033071698942962371e+02 1.110154841517916822e+02 1.161206455672395066e+02 1.143789287155480565e+02 1.164743041252514928e+02 1.167019931116902143e+02 1.198042251942643475e+02 1.245344735757566497e+02 1.315698172085718625e+02 1.338797998736576460e+02 1.342778835418168342e+02 1.344303546342959805e+02 1.345414765966528705e+02 1.359865081480754725e+02 1.398337393580954711e+02 -9.999000000000000000e+03 -9.999000000000000000e+03 -9.999000000000000000e+03 -9.999000000000000000e+03 -9.999000000000000000e+03 -9.999000000000000000e+03
-9.999000000000000000e+03 1.072600612991172113e+02 1.030457741085816394e+02 9.822411771506588707e+01 1.006210076114339671e+02 9.472237198197834118e+01 8.744689397002949249e+01 9.361284841340979312e+01 9.773506979727530108e+01 1.019849600941536778e+02 1.029300848988479089e+02 9.907959989872387041e+01 1.096614551154653441e+02 1.081974355258836056e+02 1.045161385678943873e+02 1.006660735218572853e+02 1.055448944230388548e+02 1.137953195381075915e+02 1.136752107408896819e+02 1.123463161545233078e+02 1.126273734169195677e+02 1.151668634263042321e+02 1.208358133678204922e+02 1.263404137846252411e+02 1.305916472015657064e+02 1.304047480449796694e+02 1.295484970035164167e+02 1.312068685476866676e+02 1.353784892409584302e+02 1.411745317019238257e+02 -9.999000000000000000e+03 -9.999000000000000000e+03 -9.999000000000000000e+03 -9.999000000000000000e+03 -9.999000000000000000e+03 -9.999000000000000000e+03 -9.999000000000000000e+03
-9.999000000000000000e+03 1.087190763690434920e+02 1.064164856120531226e+02 1.055447013078107119e+02 1.014969178069072200e+02 9.501232903900894655e+01 9.073052295821203472e+01 8.858895585278482088e+01 8.896728642571098078e+01 9.158976277292771329e+01 9.618602721003838951e+01 9.583656232999099700e+01 1.005159299961764816e+02 1.003927268666353143e+02 9.889611211787770628e+01 1.020734998820816628e+02 1.047545448540759594e+02 1.073480445483479286e+02 1.098498662240367736e+02 1.117543504109333981e+02 1.151266159019700268e+02 1.180583603711793046e+02 1.252070782737567356e+02 1.298748066315510243e+02 1.296273605896568313e+02 1.269936851695527480e+02 1.260017826545099382e+02 1.294037293506324602e+02 1.357573408222528144e+02 1.401684945412205252e+02 -9.999000000000000000e+03 -9.999000000000000000e+03 -9.999000000000000000e+03 -9.999000000000000000e+03 -9.999000000000000000e+03 -9.999000000000000000e+03 -9.999000000000000000e+03
-9.999000000000000000e+03 1.135442590702209031e+02 1.123056437164861023e+02 1.081554636638066995e+02 1.010090467641113747e+02 1.004847991065058039e+02 9.848952385077191707e+01 1.010619113297765779e+02 9.744680007789493459e+01 9.738993590718773419e+01 9.183787081469613156e+01 9.185108626872940363e+01 9.562784542253109521e+01 9.578253998195945940e+01 9.908070752300028516e+01 1.078944382570868896e+02 1.114264755851079656e+02 1.108325682682049660e+02 1.122947478004590636e+02 1.156056022075634928e+02 1.204082842546569623e+02 1.235236575544159763e+02 1.277254247694750404e+02 1.299136612760832179e+02 1.256370354789932833e+02 1.233041540613930067e+02 1.246962597947359228e+02 1.292132515130301726e+02 1.353495505801204786e+02 -9.999000000000000000e+03 -9.999000000000000000e+03 -9.999000000000000000e+03 -9.999000000000000000e+03 -9.999000000000000000e+03 -9.999000000000000000e+03 -9.999000000000000000e+03 -9.999000000000000000e+03
-9.999000000000000000e+03 1.183193352675197474e+02 1.142471978455132273e+02 1.084378896324295596e+02 1.056466680160701230e+02 1.071450325334297133e+02 1.048000947537409502e+02 1.061256797077951717e+02 9.904658057355999290e+01 1.014249521803671854e+02 9.367873944173808809e+01 9.384731614735633798e+01 9.713934307141256852e+01 9.779612230181547261e+01 1.001211332942552161e+02 1.030725037923257190e+02 1.078515953071547813e+02 1.122542306090097384e+02 1.150135305553569651e+02 1.200662502677720909e+02 1.246778201605387153e+02 1.301160639592944221e+02 1.304883738037819683e+02 1.268384328948407926e+02 1.219589331765201194e+02 1.231871361550765585e+02 1.288034841673006667e+02 1.336139928464213256e+02 1.345409799710608638e+02 -9.999000000000000000e+03 -9.999000000000000000e+03 -9.999000000000000000e+03 -9.999000000000000000e+03 -9.999000000000000000e+03 -9.999000000000000000e+03 -9.999000000000000000e+03 -9.999000000000000000e+03
-9.999000000000000000e+03 1.201845577510569285e+02 1.163030430215140854e+02 1.107835223864551466e+02 1.131659000706477514e+02 1.080440796896115643e+02 1.114771443279414882e+02 1.086833389037598323e+02 1.013504952044193175e+02 1.046640330348812284e+02 1.040398725441157239e+02 9.941932585571352377e+01 1.020588791388766197e+02 1.048308218117250732e+02 1.060979937781765159e+02 1.048379839139310690e+02 1.064624126876680634e+02 1.095649307860597332e+02 1.129221316881162238e+02 1.205474456633735514e+02 1.278599328224194664e+02 1.301396883702475407e+02 1.282102877549380935e+02 1.232846954930093659e+02 1.216119712062862419e+02 1.260522481428595114e+02 1.351678578782533293e+02 -9.999000000000000000e+03 -9.999000000000000000e+03 -9.999000000000000000e+03 -9.999000000000000000e+03 -9.999000000000000000e+03 -9.999000000000000000e+03 -9.999000000000000000e+03 -9.999000000000000000e+03 -9.999000000000000000e+03 -9.999000000000000000e+03
1.228142416217379349e+02 1.214630692042205453e+02 1.184634745339431134e+02 1.207001090881851439e+02 1.208162833757335051e+02 1.193429416451819804e+02 1.143362088093541047e+02 1.081838301397056910e+02 1.053598496447019670e+02 1.109268271681934692e+02 1.100842173816116230e+02 1.035122602732832746e+02 1.062362704870240009e+02 1.135991605257440256e+02 1.138437169325702314e+02 1.092962649644030364e+02 1.104839442751959240e+02 1.135723271268918921e+02 1.132758655066298701e+02 1.179158020743065123e+02 1.275880836157401319e+02 1.257617601564580525e+02 1.213449399832064444e+02 1.208112602912152340e+02 1.234227542022949677e+02 1.315755313760585068e+02 1.366118426309272138e+02 -9.999000000000000000e+03 -9.999000000000000000e+03 -9.999000000000000000e+03 -9.999000000000000000e+03 -9.999000000000000000e+03 -9.999000000000000000e+03 -9.999000000000000000e+03 -9.999000000000000000e+03 -9.999000000000000000e+03 -9.999000000000000000e+03
1.228475409951027899e+02 1.224213148022926987e+02 1.232165352835188799e+02 1.273823149257472096e+02 1.320989047446462052e+02 1.281752487730044550e+02 1.181379746568802318e+02 1.126892355567821937e+02 1.124213073794206394e+02 1.128399136199160466e+02 1.089383434504472490e+02 1.044394150088951250e+02 1.117395032153350769e+02 1.181378344124987478e+02 1.174137736787003661e+02 1.120162699792740568e+02 1.135650763438151216e+02 1.175123962008604224e+02 1.178166423020440305e+02 1.171872456139317933e+02 1.218652482944563218e+02 1.207501321097181801e+02 1.204486287700226086e+02 1.244734468862552319e+02 1.287363209786858533e+02 1.311154248042334416e+02 1.344623885566070101e+02 -9.999000000000000000e+03 -9.999000000000000000e+03 -9.999000000000000000e+03 -9.999000000000000000e+03 -9.999000000000000000e+03 -9.999000000000000000e+03 -9.999000000000000000e+03 -9.999000000000000000e+03 -9.999000000000000000e+03 -9.999000000000000000e+03
-9.999000000000000000e+03 -9.999000000000000000e+03 -9.999000000000000000e+03 -9.999000000000000000e+03 1.317539894824290911e+02 1.251350098344545358e+02 1.176318888027076213e+02 1.170449009635791242e+02 1.134883813902518028e+02 1.097547492723805505e+02 1.078218820148601225e+02 1.092764988934811186e+02 1.180615553816074623e+02 1.208915330684593812e+02 1.180880926466485619e+02 1.131652062712862374e+02 1.146502279651346754e+02 1.201935547156714392e+02 1.231140675746230642e+02 1.197703918575450786e+02 1.191164077914621799e+02 1.202232733872573505e+02 1.226227172683349380e+02 1.276298504595018954e+02 1.315595591445282651e+02 1.340257577385635557e+02 -9.999000000000000000e+03 -9.999000000000000000e+03 -9.999000000000000000e+03 -9.999000000000000000e+03 -9.999000000000000000e+03 -9.999000000000000000e+03 -9.999000000000000000e+03 -9.999000000000000000e+03 -9.999000000000000000e+03 -9.999000000000000000e+03 -9.999000000000000000e+03
