final_code/thesis_FINALMODEL/topography/alex_increasing_int_topo.txt
ncols 84
nrows 80
xllcorner 503844.966494
yllcorner 4468102.73927
cellsize 100.0
[rows 51 to 67 of 80, columns 0 to 36 of 84]
-9.999000000000000000e+03 -9.999000000000000000e+03 -9.999000000000000000e+03 -9.999000000000000000e+03 -9.999000000000000000e+03 5.848710207306298514e+01 5.747304921658754751e+01 5.287182764673384838e+01 4.966236638130722980e+01 4.618996300660994336e+01 3.082165766762731351e+01 2.519897363020104919e+01 2.993282133364074582e+01 4.532874469206927159e+01 5.588028800873203750e+01 6.255354872889552809e+01 6.946084344538581945e+01 7.787680856707935106e+01 6.932840102889038292e+01 5.975067612541249673e+01 7.351926912261536984e+01 7.697987686234307603e+01 8.320383955803566778e+01 8.934947565237214917e+01 9.190255536600356834e+01 9.307951562795564371e+01 9.088572681923494656e+01 8.520314652596754001e+01 8.173410376571919755e+01 7.766554613609275748e+01 8.400552248100784425e+01 8.803175996478626075e+01 9.104430124018701065e+01 9.228941969966203374e+01 9.321810280718325714e+01 -9.999000000000000000e+03 9.242428748948843520e+01
-9.999000000000000000e+03 -9.999000000000000000e+03 -9.999000000000000000e+03 -9.999000000000000000e+03 6.222872674457232023e+01 5.975180514814617538e+01 5.756167306016013185e+01 5.153271234780959276e+01 4.399987090125205924e+01 3.637071374233391197e+01 2.950214296168804395e+01 2.408283785066686633e+01 3.751845071599616688e+01 5.269431146631083607e+01 6.605583703127499007e+01 7.551591841345315004e+01 8.222870494281376352e+01 8.283270135427858349e+01 7.752702923129633916e+01 6.562393003702261751e+01 6.845177014216774580e+01 8.074083851357042363e+01 8.747895113422408997e+01 9.241937456805034401e+01 9.277757795533113949e+01 9.208689559734921204e+01 8.625902022776827494e+01 8.507819586661497624e+01 8.503211739755373344e+01 8.487685562518355198e+01 8.782187952803784015e+01 9.142447643255076173e+01 -9.999000000000000000e+03 -9.999000000000000000e+03 -9.999000000000000000e+03 -9.999000000000000000e+03 9.319186959379094048e+01
-9.999000000000000000e+03 -9.999000000000000000e+03 -9.999000000000000000e+03 6.031196609467915692e+01 5.890183667113049637e+01 5.855617573194555092e+01 5.379074117824790591e+01 4.737833029504482596e+01 2.897968189953318330e+01 2.290110472014206167e+01 2.396755800199381525e+01 3.653654702678203137e+01 5.084645954749660746e+01 6.501216040046656985e+01 7.547330375219694076e+01 8.287673066205954342e+01 8.632095762294738961e+01 8.368461353804107716e+01 7.654362977375797072e+01 6.312883039912932048e+01 7.281516353264488828e+01 8.384727689490543412e+01 8.847471387224882733e+01 9.098438461680294154e+01 9.019153261285602241e+01 8.971062977602852584e+01 8.966628646583325235e+01 8.987344551319407060e+01 9.083297245554612687e+01 9.057567537182248429e+01 9.070262127253924689e+01 -9.999000000000000000e+03 -9.999000000000000000e+03 -9.999000000000000000e+03 -9.999000000000000000e+03 -9.999000000000000000e+03 -9.999000000000000000e+03
-9.999000000000000000e+03 -9.999000000000000000e+03 -9.999000000000000000e+03 5.790642408785793549e+01 5.270909592102379548e+01 4.616116914203023214e+01 3.406491537878736153e+01 2.370561399443741735e+01 2.406695156787316847e+01 2.391553297311641657e+01 4.434504220564443244e+01 5.556986018704539276e+01 6.900861355330883384e+01 7.385945180571923174e+01 8.099971059706867038e+01 8.697357991458420656e+01 8.708508290204301261e+01 8.133829009814640187e+01 7.514624488615609721e+01 7.001381681252777867e+01 7.642018456397696013e+01 8.379603764499285035e+01 8.611430986236614160e+01 8.434467447588859557e+01 8.737080001787433048e+01 9.052554493623138399e+01 9.206482312580097016e+01 -9.999000000000000000e+03 -9.999000000000000000e+03 -9.999000000000000000e+03 -9.999000000000000000e+03 -9.999000000000000000e+03 -9.999000000000000000e+03 -9.999000000000000000e+03 -9.999000000000000000e+03 -9.999000000000000000e+03 -9.999000000000000000e+03
-9.999000000000000000e+03 5.061591830196427821e+01 5.246359883254118017e+01 5.509458991053534049e+01 4.919203417861165661e+01 3.960975759749089775e+01 2.452723780007716314e+01 3.255876091195651156e+01 3.492650689613139292e+01 4.246531285233595554e+01 5.696438019943443010e+01 6.360816251799037957e+01 7.283184110497434460e+01 7.775275457336971385e+01 8.392202593322329562e+01 8.455012843654930066e+01 8.008615993647327969e+01 7.847466167271582549e+01 7.371913730769992412e+01 7.225998935277792157e+01 7.693160848389634054e+01 7.844087545276028095e+01 7.962963494321506630e+01 8.565165124438152588e+01 8.898830827556923850e+01 9.085841079813272358e+01 -9.999000000000000000e+03 -9.999000000000000000e+03 -9.999000000000000000e+03 -9.999000000000000000e+03 -9.999000000000000000e+03 -9.999000000000000000e+03 -9.999000000000000000e+03 -9.999000000000000000e+03 -9.999000000000000000e+03 -9.999000000000000000e+03 -9.999000000000000000e+03
2.706506999999999863e+01 3.039822751920306132e+01 4.826149766299828769e+01 4.832968383033311710e+01 4.403749297899328496e+01 3.128391322637124716e+01 3.329209554892008782e+01 3.944872495368097276e+01 4.000486088500377946e+01 4.655520115720565144e+01 4.493472146832442604e+01 5.783568871869513828e+01 6.465034794142950147e+01 7.249439552695348254e+01 7.363122035375491237e+01 7.257252808386283505e+01 7.367263541486430256e+01 7.725052292968962320e+01 7.410547033768810365e+01 7.320285751365355509e+01 7.342795349827017048e+01 7.814092662725298055e+01 8.239632770855018862e+01 8.647677616269450596e+01 8.952206030248824220e+01 -9.999000000000000000e+03 -9.999000000000000000e+03 -9.999000000000000000e+03 -9.999000000000000000e+03 -9.999000000000000000e+03 -9.999000000000000000e+03 -9.999000000000000000e+03 -9.999000000000000000e+03 -9.999000000000000000e+03 -9.999000000000000000e+03 -9.999000000000000000e+03 -9.999000000000000000e+03
-9.999000000000000000e+03 2.632703055395847258e+01 3.856210038073479751e+01 4.271172265192561213e+01 4.020838484196026741e+01 3.070282224416482109e+01 3.096557416738585644e+01 3.751631141961133409e+01 5.189273018644842494e+01 5.551646946135375771e+01 5.976479409049663616e+01 5.548787038772105973e+01 5.295833583048781890e+01 5.641513969064832423e+01 6.135865833768256294e+01 6.511522003556467553e+01 7.297975217366719392e+01 7.820367954992293846e+01 7.907500244489045826e+01 7.859254040297088295e+01 7.972403248012723509e+01 7.961964991895118260e+01 8.422024095216002593e+01 8.707189890609893723e+01 -9.999000000000000000e+03 -9.999000000000000000e+03 -9.999000000000000000e+03 -9.999000000000000000e+03 -9.999000000000000000e+03 -9.999000000000000000e+03 -9.999000000000000000e+03 -9.999000000000000000e+03 -9.999000000000000000e+03 -9.999000000000000000e+03 -9.999000000000000000e+03 -9.999000000000000000e+03 -9.999000000000000000e+03
-9.999000000000000000e+03 -9.999000000000000000e+03 2.632710462960723419e+01 3.020927203980296483e+01 3.439590478653846617e+01 2.322934068621542281e+01 3.037633429429554255e+01 4.526793149852965570e+01 5.212736376116406234e+01 5.577756353293494129e+01 6.334617708761446409e+01 6.705626699728412632e+01 7.033876568268428287e+01 7.445340878889373926e+01 7.293605977149726982e+01 7.333784163757276531e+01 7.866850481358089553e+01 8.403720351456760795e+01 8.475952882886950590e+01 8.461086530873416223e+01 8.481359882695642227e+01 8.401410531691340111e+01 8.649391738407997821e+01 -9.999000000000000000e+03 -9.999000000000000000e+03 -9.999000000000000000e+03 -9.999000000000000000e+03 -9.999000000000000000e+03 -9.999000000000000000e+03 -9.999000000000000000e+03 -9.999000000000000000e+03 -9.999000000000000000e+03 -9.999000000000000000e+03 -9.999000000000000000e+03 -9.999000000000000000e+03 -9.999000000000000000e+03 1.028579503885147659e+02
-9.999000000000000000e+03 -9.999000000000000000e+03 2.648575370772378790e+01 2.633003041885569218e+01 3.376885511124081063e+01 1.981077225512040840e+01 2.968593825073402570e+01 4.329254238583841641e+01 4.864208331013726649e+01 4.958284353637279196e+01 5.288600305681440261e+01 6.808040960490554028e+01 7.303937448508381181e+01 7.678065923297224060e+01 7.798395000790149822e+01 8.126519067032374721e+01 8.356672426249699015e+01 8.820656868606788237e+01 9.002882739341357876e+01 8.977475691826431614e+01 8.768571221388448578e+01 8.651092306317387681e+01 -9.999000000000000000e+03 -9.999000000000000000e+03 -9.999000000000000000e+03 -9.999000000000000000e+03 -9.999000000000000000e+03 -9.999000000000000000e+03 -9.999000000000000000e+03 -9.999000000000000000e+03 -9.999000000000000000e+03 -9.999000000000000000e+03 -9.999000000000000000e+03 -9.999000000000000000e+03 -9.999000000000000000e+03 -9.999000000000000000e+03 -9.999000000000000000e+03
-9.999000000000000000e+03 -9.999000000000000000e+03 -9.999000000000000000e+03 3.209409474921177008e+01 2.504217830378939880e+01 2.004518926447492433e+01 2.925141005726509036e+01 3.743200452903917608e+01 3.840672549080984766e+01 5.042323954863570634e+01 6.303258548147083218e+01 6.811768401443016785e+01 7.406846899385074323e+01 7.454651010347539852e+01 7.600863397477128558e+01 8.202413724140005513e+01 8.590046748825763245e+01 9.085805717185147046e+01 -9.999000000000000000e+03 -9.999000000000000000e+03 -9.999000000000000000e+03 -9.999000000000000000e+03 -9.999000000000000000e+03 -9.999000000000000000e+03 -9.999000000000000000e+03 -9.999000000000000000e+03 -9.999000000000000000e+03 -9.999000000000000000e+03 -9.999000000000000000e+03 -9.999000000000000000e+03 -9.999000000000000000e+03 -9.999000000000000000e+03 -9.999000000000000000e+03 -9.999000000000000000e+03 -9.999000000000000000e+03 -9.999000000000000000e+03 -9.999000000000000000e+03
-9.999000000000000000e+03 -9.999000000000000000e+03 2.080320833009488268e+01 2.686460521867322626e+01 2.449086888639660486e+01 1.857329265436245080e+01 2.476025278519671247e+01 3.912793779296052321e+01 5.118092339523153811e+01 5.740716984782963550e+01 6.403311864592603797e+01 6.660199473617458921e+01 6.885557638363935951e+01 6.948835892892337540e+01 7.827850916020024385e+01 8.694697908464752345e+01 8.776672103381874024e+01 -9.999000000000000000e+03 -9.999000000000000000e+03 -9.999000000000000000e+03 -9.999000000000000000e+03 -9.999000000000000000e+03 -9.999000000000000000e+03 -9.999000000000000000e+03 -9.999000000000000000e+03 -9.999000000000000000e+03 -9.999000000000000000e+03 -9.999000000000000000e+03 -9.999000000000000000e+03 -9.999000000000000000e+03 -9.999000000000000000e+03 -9.999000000000000000e+03 -9.999000000000000000e+03 -9.999000000000000000e+03 -9.999000000000000000e+03 -9.999000000000000000e+03 -9.999000000000000000e+03
-9.999000000000000000e+03 2.246196507529835174e+01 2.118293578951857370e+01 1.960974421647637200e+01 2.087357567023940419e+01 1.763061911025218720e+01 2.324738147156548251e+01 4.168828683997327289e+01 5.256756107012984103e+01 5.710035331492159827e+01 6.156520929719163604e+01 6.260689074818777300e+01 6.215896775679139097e+01 7.455026633750020437e+01 8.010393618398040871e+01 8.588095991197694445e+01 8.981272009024702641e+01 -9.999000000000000000e+03 -9.999000000000000000e+03 -9.999000000000000000e+03 -9.999000000000000000e+03 -9.999000000000000000e+03 -9.999000000000000000e+03 -9.999000000000000000e+03 -9.999000000000000000e+03 -9.999000000000000000e+03 -9.999000000000000000e+03 -9.999000000000000000e+03 -9.999000000000000000e+03 -9.999000000000000000e+03 -9.999000000000000000e+03 -9.999000000000000000e+03 -9.999000000000000000e+03 -9.999000000000000000e+03 -9.999000000000000000e+03 -9.999000000000000000e+03 -9.999000000000000000e+03
-9.999000000000000000e+03 -9.999000000000000000e+03 2.244729826169410813e+01 1.740341896979621694e+01 1.759849890135687644e+01 1.802960744218262334e+01 2.288497617144403762e+01 4.405407618922072288e+01 5.085146658885832238e+01 5.364937979264221468e+01 5.893821759419213180e+01 5.486808588232697304e+01 6.938535086010374187e+01 7.564687890071616039e+01 8.488065989667218503e+01 8.718698456759692306e+01 -9.999000000000000000e+03 -9.999000000000000000e+03 -9.999000000000000000e+03 -9.999000000000000000e+03 -9.999000000000000000e+03 -9.999000000000000000e+03 -9.999000000000000000e+03 -9.999000000000000000e+03 -9.999000000000000000e+03 -9.999000000000000000e+03 -9.999000000000000000e+03 -9.999000000000000000e+03 -9.999000000000000000e+03 -9.999000000000000000e+03 -9.999000000000000000e+03 -9.999000000000000000e+03 -9.999000000000000000e+03 -9.999000000000000000e+03 -9.999000000000000000e+03 -9.999000000000000000e+03 -9.999000000000000000e+03
-9.999000000000000000e+03 -9.999000000000000000e+03 1.611580984751804380e+01 2.056970384271848218e+01 2.058819565738677682e+01 2.004922747712286224e+01 2.348816251182783432e+01 4.150692204809970320e+01 4.897947688690349111e+01 4.815244711684835011e+01 5.101742311147742015e+01 6.072722614648792216e+01 6.973370444506086585e+01 7.963034180505222537e+01 8.470171027742151182e+01 8.874617323796044843e+01 -9.999000000000000000e+03 -9.999000000000000000e+03 -9.999000000000000000e+03 -9.999000000000000000e+03 -9.999000000000000000e+03 -9.999000000000000000e+03 -9.999000000000000000e+03 -9.999000000000000000e+03 -9.999000000000000000e+03 -9.999000000000000000e+03 -9.999000000000000000e+03 -9.999000000000000000e+03 -9.999000000000000000e+03 -9.999000000000000000e+03 -9.999000000000000000e+03 -9.999000000000000000e+03 -9.999000000000000000e+03 -9.999000000000000000e+03 -9.999000000000000000e+03 -9.999000000000000000e+03 -9.999000000000000000e+03
-9.999000000000000000e+03 -9.999000000000000000e+03 -9.999000000000000000e+03 -9.999000000000000000e+03 2.255681473943662496e+01 2.159873546458423732e+01 2.238333254552056317e+01 2.741529316778920133e+01 3.547222074956262361e+01 3.613494297116646692e+01 4.719190363710744407e+01 6.339935880846032035e+01 7.231055460387200640e+01 8.271704706638813320e+01 8.585204997665471183e+01 -9.999000000000000000e+03 -9.999000000000000000e+03 -9.999000000000000000e+03 -9.999000000000000000e+03 -9.999000000000000000e+03 -9.999000000000000000e+03 -9.999000000000000000e+03 -9.999000000000000000e+03 -9.999000000000000000e+03 -9.999000000000000000e+03 -9.999000000000000000e+03 -9.999000000000000000e+03 -9.999000000000000000e+03 -9.999000000000000000e+03 -9.999000000000000000e+03 -9.999000000000000000e+03 -9.999000000000000000e+03 -9.999000000000000000e+03 -9.999000000000000000e+03 -9.999000000000000000e+03 -9.999000000000000000e+03 -9.999000000000000000e+03
-9.999000000000000000e+03 -9.999000000000000000e+03 -9.999000000000000000e+03 -9.999000000000000000e+03 -9.999000000000000000e+03 2.125740533134197818e+01 2.126863951152571630e+01 2.410647351275598282e+01 3.027619824996685693e+01 4.174166046242891781e+01 5.549363734389763181e+01 6.768757763159607066e+01 7.620429771037615296e+01 8.522979483269610057e+01 -9.999000000000000000e+03 -9.999000000000000000e+03 -9.999000000000000000e+03 -9.999000000000000000e+03 -9.999000000000000000e+03 -9.999000000000000000e+03 -9.999000000000000000e+03 -9.999000000000000000e+03 -9.999000000000000000e+03 -9.999000000000000000e+03 -9.999000000000000000e+03 -9.999000000000000000e+03 -9.999000000000000000e+03 -9.999000000000000000e+03 -9.999000000000000000e+03 -9.999000000000000000e+03 -9.999000000000000000e+03 -9.999000000000000000e+03 -9.999000000000000000e+03 -9.999000000000000000e+03 -9.999000000000000000e+03 -9.999000000000000000e+03 1.230173777149886547e+02
-9.999000000000000000e+03 -9.999000000000000000e+03 -9.999000000000000000e+03 -9.999000000000000000e+03 -9.999000000000000000e+03 2.125754007852295047e+01 2.165387838836839052e+01 2.334534701579585203e+01 2.697843192443976434e+01 4.527396872929654847e+01 6.089307672746745226e+01 7.240251167739643279e+01 8.032069629827429935e+01 -9.999000000000000000e+03 -9.999000000000000000e+03 -9.999000000000000000e+03 -9.999000000000000000e+03 -9.999000000000000000e+03 -9.999000000000000000e+03 -9.999000000000000000e+03 -9.999000000000000000e+03 -9.999000000000000000e+03 -9.999000000000000000e+03 -9.999000000000000000e+03 -9.999000000000000000e+03 -9.999000000000000000e+03 -9.999000000000000000e+03 -9.999000000000000000e+03 -9.999000000000000000e+03 -9.999000000000000000e+03 -9.999000000000000000e+03 -9.999000000000000000e+03 -9.999000000000000000e+03 -9.999000000000000000e+03 -9.999000000000000000e+03 -9.999000000000000000e+03 -9.999000000000000000e+03
