final_code/thesis_FINALMODEL/topography/sample_increasing_int_topo.txt
ncols 100
nrows 100
xllcorner 0.0
yllcorner 0.0
cellsize 10.0
[rows 0 to 16 of 100, columns 37 to 73 of 100]
4.671404242618439756e-02 1.438333299891250174e-02 9.240539474848685417e-03 6.377738949509367816e-02 8.582129101789470055e-03 6.420336962547457116e-03 3.149024378747541236e-02 8.688594491342283704e-03 7.663507492683359346e-02 7.889161060661625813e-02 3.553674280856918000e-02 9.425607707022090609e-02 8.645750770776330918e-02 3.661946453079643893e-02 4.941525300164436446e-02 3.385176448957076534e-02 7.370460784174560909e-02 3.582617719413182245e-02 7.731651248183146752e-02 8.366975144504218073e-03 2.335634369186394624e-02 4.352843175375042950e-03 7.898006806247695466e-02 6.431835225672767609e-02 4.900347164701490503e-03 4.242041079077540910e-02 5.195726735110900441e-02 4.019510817435473227e-02 6.160173371683148880e-02 7.264257999198722726e-02 5.371066180349659547e-03 7.010658290002719228e-02 7.942258575894832473e-02 7.752502950408524324e-04 3.190628287248688244e-02 9.491162368962398344e-02 1.918206893610402419e-02
6.744004822321312531e+01 6.882097479987304212e+01 6.672353738109300991e+01 6.297763154926865070e+01 6.178688047186581400e+01 6.101388075741180472e+01 6.174831993166916533e+01 6.471334560751256504e+01 6.374423403042347047e+01 6.075043590446937003e+01 6.165956073408608518e+01 6.473980653584317224e+01 6.378402944442102296e+01 6.201524617116609761e+01 6.329114010874532426e+01 6.291018118783146207e+01 6.044420907311732805e+01 6.208865549946350626e+01 5.905655735732312905e+01 5.606573801233947307e+01 5.858257326040934032e+01 6.070775163984846756e+01 6.387959217526149303e+01 6.301269726171508978e+01 6.017178929873622195e+01 5.694300705575147958e+01 5.754060060520760800e+01 6.042506491530759405e+01 6.137553624213928316e+01 6.373857522284010457e+01 6.240686868714811908e+01 6.412106978192142037e+01 6.690191093865600180e+01 7.008944942298607828e+01 7.368406276068301963e+01 7.782507640311581554e+01 8.257946534037105835e+01
6.081897833238671325e+01 6.294072461154817688e+01 6.283833497138817847e+01 5.735977883046668779e+01 5.494062120061883547e+01 5.413270558399945998e+01 5.616822387855425802e+01 6.078080538627078511e+01 5.907780104213329508e+01 5.459375362985092295e+01 5.626219195114067873e+01 6.085609355043207103e+01 5.809040777604422345e+01 5.531174149707867116e+01 5.653640168757334550e+01 5.743237492025566127e+01 5.440027217584470520e+01 5.713262169891723374e+01 5.409180885450651743e+01 5.006080721426414470e+01 5.330221810400330895e+01 5.536015272164006973e+01 5.928508804280223643e+01 5.708189907359732018e+01 5.420258714903265229e+01 5.033165818030920491e+01 5.081917233313255622e+01 5.374497838514164982e+01 5.531507802889476011e+01 5.773078719135802572e+01 5.708412962077068897e+01 5.878368843623862006e+01 6.142121710910829790e+01 6.445364183255371415e+01 6.790618496954678562e+01 7.204415302031533486e+01 7.726972603720368227e+01
5.612776326061134569e+01 6.046723731828068793e+01 6.150817601223349840e+01 5.542703617836667718e+01 5.044749796416566312e+01 4.888696604295758164e+01 5.339148150007062554e+01 5.726494240421367010e+01 5.450998262498795555e+01 5.008025422656798753e+01 5.443436819141644634e+01 5.946729029596139782e+01 5.621287442372214116e+01 5.079195513672792117e+01 5.047089845481707471e+01 5.005570760912330996e+01 4.910449322657808580e+01 5.042784560474221678e+01 4.728576364433428125e+01 4.488729469884796686e+01 4.753611891499096487e+01 5.223096713095972632e+01 5.380903685531224312e+01 5.256779347182683892e+01 4.771697875135981803e+01 4.568324269065194443e+01 4.682957469686147078e+01 4.895537997134823627e+01 5.211136012009452401e+01 5.274868655450599420e+01 5.658146581035506273e+01 5.906433355046340949e+01 6.121094314459340779e+01 6.358012116450662177e+01 6.621464263801003369e+01 6.928251437948210878e+01 7.282951597885030992e+01
5.326287801146031597e+01 5.878311601749148707e+01 6.042289776712931371e+01 5.610766373550781339e+01 5.095075888069101921e+01 4.630241041903720145e+01 4.738561092597547741e+01 5.093645218812959996e+01 4.894467575579287200e+01 4.717312966646100847e+01 5.160494246859582290e+01 5.709921085455091827e+01 5.729201396567593463e+01 5.128526870279956285e+01 4.556771665392664517e+01 4.387116539273563376e+01 4.749025761898812448e+01 4.612871275046968833e+01 4.156638282383578797e+01 4.321659087151480350e+01 4.490307329350052612e+01 4.639933703736990367e+01 4.653244680769966379e+01 4.717261665308286922e+01 4.507367771227183084e+01 4.804087198621314769e+01 5.185306101113574329e+01 5.282740596797793842e+01 5.035377214162746640e+01 5.087427373961996580e+01 5.274760711023059656e+01 5.498583091079046881e+01 5.674518902586290636e+01 5.912625306937403735e+01 6.132492196366875703e+01 6.433808237933860141e+01 6.761526921116799826e+01
5.455001685410979917e+01 5.996721194348737072e+01 5.809791518087174467e+01 5.221227307114951088e+01 4.955254401777415296e+01 4.671122511237324204e+01 4.323915947622075606e+01 4.476754530325980852e+01 4.453444883871763693e+01 4.884416040148749261e+01 5.379810453744394039e+01 5.529952661100438149e+01 5.645521191982243892e+01 5.292347075553010427e+01 4.604316519443591460e+01 4.114913051392602483e+01 4.455812282134181146e+01 4.236687994091823128e+01 3.883273159105694106e+01 3.934560140066385259e+01 4.028743475210455216e+01 4.094081763640724603e+01 4.165899095599416313e+01 4.339462617124895161e+01 4.692441255111506138e+01 5.217438743014001545e+01 5.753011179940308040e+01 5.804840078872343412e+01 5.493921550860179082e+01 5.665746165536993573e+01 5.733651224955858083e+01 6.017759742095351072e+01 6.112988857973144974e+01 6.428379330500324329e+01 6.570462024940977130e+01 6.941621986534539701e+01 7.165438641209864556e+01
5.535145821961405233e+01 5.975528079138199899e+01 5.726244731246329422e+01 5.060599704729272474e+01 4.506335578663694719e+01 4.413726331553363735e+01 4.192059730399588346e+01 4.129707242929587352e+01 4.574923167361144749e+01 5.068967380723132266e+01 5.146390376321465965e+01 4.897483981396754871e+01 5.065589856296576698e+01 5.038928485468908747e+01 4.415380283782058513e+01 3.923344418696896696e+01 4.039226932798369063e+01 3.839225280792861383e+01 4.183340159358343158e+01 4.438453911885069658e+01 4.552759879796412434e+01 4.538259899892379678e+01 4.617836361179555382e+01 4.749224266702726993e+01 4.621523013640415911e+01 4.998312739235398539e+01 5.430837104703962126e+01 5.947013744032980043e+01 6.010012303512607446e+01 6.266867230571320135e+01 6.344191209860672132e+01 6.622375330390777037e+01 6.733886683009818341e+01 7.037211172857460895e+01 7.216793518502227300e+01 7.571974183799198954e+01 7.842918784042477398e+01
5.206299319262853231e+01 5.733690212603029579e+01 5.522254648510453023e+01 4.853598518590082733e+01 4.307347124242195946e+01 3.957980669759650993e+01 3.781809357663734517e+01 4.215234909896917515e+01 4.731084420136281210e+01 4.883634434378997469e+01 4.601404007129090701e+01 4.328578527313752744e+01 4.754165098238036080e+01 4.812510319325614461e+01 4.416982833760638272e+01 3.974402703942018888e+01 3.727707285217955757e+01 3.824552913224655981e+01 4.317608513622346322e+01 4.771592419139581409e+01 5.073421279309721399e+01 5.179153119098408098e+01 5.318978292438416133e+01 5.387494232096462099e+01 5.061615452475510324e+01 4.802687428239993750e+01 5.160843184525242577e+01 5.537995386966189670e+01 5.728062308504213718e+01 5.928032220928640328e+01 6.103700598141164591e+01 6.331202819864576981e+01 6.554283220042719904e+01 6.840813382006996335e+01 7.160853303440028128e+01 7.593701465961252950e+01 8.069097900176443261e+01
5.558550600159880162e+01 5.938224595658376614e+01 5.774645826717194552e+01 5.298465174396793742e+01 4.811124355079974180e+01 4.196097663911430686e+01 3.719768778902034967e+01 3.982512336216126414e+01 4.386250196699758419e+01 4.384979591090240092e+01 3.926554157445865201e+01 3.886888663509023445e+01 4.320118814767998572e+01 4.219129535884621873e+01 3.983068880722732530e+01 3.722167488133670332e+01 4.008350373960785618e+01 4.281945742858154347e+01 4.223775029041931361e+01 4.431878544565945788e+01 4.741894795353245229e+01 5.145463477489670368e+01 5.587489387648622596e+01 6.051412737761447147e+01 5.629943243903926486e+01 5.087974616016488483e+01 4.890890105437240720e+01 5.047123887374191042e+01 5.195656297418814518e+01 5.403443939548004948e+01 5.573138784914050348e+01 5.813546987522340004e+01 6.035520251534509839e+01 6.340098310134848703e+01 6.675409517292018791e+01 7.218165318056095714e+01 7.886475597313970809e+01
5.439141391180051954e+01 5.738374649399816718e+01 5.806083940649749309e+01 5.424763830190386216e+01 5.013390613615894864e+01 4.382986199013848960e+01 3.895924964394461654e+01 3.558185705357551853e+01 3.979695856789197705e+01 3.948386659330384418e+01 3.468839891086702920e+01 3.667133708060406150e+01 3.846773767789929366e+01 3.815645369455326374e+01 3.621378480037576253e+01 3.916739256097181965e+01 4.219920431070893585e+01 4.733982443646753779e+01 4.698162144305128152e+01 4.858715786502182254e+01 5.118088351060386287e+01 5.672546101541774988e+01 6.060111392234234273e+01 6.454351854217978257e+01 6.136827195040106631e+01 5.734449921539748374e+01 5.343665868571593336e+01 5.548036956840482503e+01 5.617629932909630242e+01 5.899980888598868489e+01 5.983452491419327401e+01 6.296663180154276773e+01 6.440625789997153561e+01 6.813271568734535322e+01 7.045566748755348385e+01 7.647448228437657747e+01 8.161906450080343234e+01
4.850715346403827510e+01 5.268227407399435691e+01 5.404999377756529810e+01 4.899647342521949156e+01 4.705439886607786804e+01 4.471496591638306484e+01 3.816722850390080879e+01 3.353432968340925413e+01 3.735829481565812671e+01 3.591834287541524873e+01 3.163926379001785349e+01 3.232456087773986297e+01 3.343788707721553521e+01 3.443964686348827797e+01 3.729593045786273819e+01 4.037667649380493629e+01 4.466807731081557620e+01 5.071920344690921922e+01 5.300550223078393941e+01 5.487129922617766908e+01 5.648075405271453775e+01 5.966185012511500929e+01 5.942096408249192763e+01 6.212106813725798560e+01 6.178791845396217042e+01 6.142695555613232017e+01 5.949113375816777705e+01 6.175497807357188407e+01 6.274777773976280315e+01 6.531707842123385888e+01 6.572926270439697305e+01 6.862890581754935226e+01 7.027489220706115702e+01 7.374893342012829578e+01 7.641977323610733208e+01 8.090157450728708000e+01 8.377607202647897111e+01
4.367923328586601173e+01 4.847617242123959613e+01 5.029857853717356875e+01 4.453048905921789924e+01 4.153758971353906304e+01 4.388026774646271377e+01 3.827927000007524327e+01 3.292826067959521197e+01 3.444660179868000682e+01 3.232854755788037693e+01 3.265621496140173008e+01 3.613429473288068294e+01 3.804579551147985939e+01 3.825231829364228986e+01 3.562162068406449578e+01 3.684661551927325718e+01 4.141503130754652773e+01 4.676687522658868801e+01 5.136681373499965986e+01 5.207656397581649088e+01 5.269895246738535377e+01 5.470027902868171310e+01 5.274575529136577501e+01 5.600451295406203656e+01 5.567790351293824358e+01 5.859572668724676703e+01 5.907801566319511721e+01 6.182263840659863519e+01 6.280054091301847308e+01 6.424635873164064037e+01 6.284481026231087242e+01 6.478419607959234838e+01 6.757678815682692175e+01 7.118651373641753821e+01 7.540898205257653331e+01 8.033152390097733075e+01 8.149810298030568845e+01
4.000519575631027180e+01 4.522775344045476231e+01 4.857117382031988484e+01 4.276256860002373372e+01 3.807291044009019743e+01 3.868296054337871226e+01 3.806158427222022311e+01 3.421774062617961931e+01 3.239110554265886321e+01 3.524588714714990090e+01 3.781695447327603432e+01 3.755417367273741291e+01 4.084714346106829908e+01 4.271410785714611080e+01 4.026156092030628031e+01 4.042642707965073612e+01 3.838062940831341052e+01 4.096817320970036747e+01 4.413344274621903196e+01 4.445859124854366939e+01 4.503420013114859444e+01 4.711554028072462330e+01 4.629888184877999890e+01 4.896917791689472210e+01 4.892859888538541924e+01 5.171050912121501852e+01 5.228983777849023795e+01 5.502814644272589106e+01 5.592154794375527160e+01 5.757053935743947193e+01 5.615958021196674110e+01 5.854118946285569081e+01 6.195579068858876326e+01 6.585461184764841391e+01 7.110006947577102210e+01 7.777649343124829784e+01 7.977812226575862553e+01
3.708305980271957480e+01 4.167489818284569481e+01 4.343826484496081974e+01 3.915148789083909975e+01 3.720614547383321025e+01 3.407031819719546206e+01 3.387958117120381729e+01 3.190025210813278989e+01 3.516235773490452488e+01 3.762707823344617708e+01 4.234660417177014580e+01 4.244729219991971547e+01 4.144519868182889866e+01 4.463889702921234459e+01 4.623771221641411699e+01 4.593929576313036733e+01 4.143756535364186533e+01 3.824919636277862622e+01 3.831318841322928392e+01 3.961016279918963789e+01 4.077307896009236288e+01 4.190935155701826886e+01 4.259133832701565581e+01 4.345656865471624286e+01 4.472676344289664740e+01 4.590304053424139852e+01 4.762257995012915757e+01 4.963430879536377915e+01 5.111597940268012508e+01 5.263245687143005114e+01 5.484195917867594261e+01 5.971430206048442813e+01 6.514565551150415956e+01 6.934551979722179738e+01 7.433802659520844713e+01 7.930121184700007575e+01 7.805862107795533689e+01
3.593067390121680660e+01 3.745991852607343020e+01 3.843619344268005023e+01 3.405216107233234624e+01 3.422125093151569786e+01 3.354956356378667692e+01 3.045798329414631311e+01 3.420187596682839626e+01 3.933430094616750949e+01 4.301249471114886092e+01 4.705787244553430071e+01 4.852518194831013432e+01 4.652181089707922013e+01 4.536279458733825720e+01 4.875255352105470052e+01 5.128448701044855085e+01 4.763847514110609893e+01 4.229112016501744620e+01 4.019733065321924670e+01 4.377672350478314200e+01 4.605648824773388128e+01 4.677282775442406404e+01 4.794930879997708928e+01 4.633307403350519849e+01 4.930366890059455187e+01 4.823885135146402092e+01 5.169618720665750544e+01 5.418627515489440327e+01 5.630157968399762325e+01 5.707897784285809450e+01 5.982338602235485325e+01 5.912017836910417401e+01 6.230330367379459489e+01 6.724783669029851296e+01 7.373938854349302119e+01 8.047532560236274435e+01 8.071475763706568785e+01
3.295863395391278772e+01 3.242916576624669744e+01 3.387415153277649438e+01 3.053552115716200177e+01 3.005675872742073551e+01 3.173352038464955882e+01 2.988458230034147789e+01 3.440783313542667088e+01 4.042678276005915450e+01 4.453797069993079560e+01 4.889915451974792404e+01 5.183348226614756271e+01 5.224949487775074886e+01 5.039588302326455249e+01 4.955937372457822221e+01 5.329782701683792823e+01 5.326992587103662657e+01 4.887161900824950322e+01 4.378232352928984028e+01 4.584334978213063039e+01 5.060074864879670997e+01 5.379616348396281467e+01 5.474242844534130370e+01 5.106956974339194488e+01 5.469908538257994479e+01 5.253593773301098224e+01 5.273436473811750602e+01 5.613492819601322026e+01 6.114937199571701854e+01 6.419198383588430090e+01 6.663899399541858770e+01 6.388751513190367604e+01 6.698788848504325699e+01 7.244609064836804180e+01 7.907009187938366779e+01 8.429679488666677400e+01 8.361337926401866127e+01
3.671848927288593956e+01 3.482177083846512744e+01 3.227771105599081380e+01 3.420763560459162989e+01 3.267175187919942658e+01 2.929469638013187804e+01 3.274207524464443253e+01 3.662980545277041955e+01 3.776178118472264345e+01 3.928748115625225523e+01 4.464848801816053481e+01 4.798357071472334923e+01 5.329288412929631136e+01 5.581514458217630903e+01 5.402142043544930772e+01 5.555567335672634499e+01 5.892007334297572640e+01 5.401742459485003423e+01 4.836051836428373463e+01 5.115988959335058439e+01 5.276952601138316368e+01 5.771334369825837030e+01 5.922344504385429786e+01 5.645229242339939901e+01 5.977927313286414090e+01 5.869087869403371371e+01 5.807265709857216507e+01 6.184110771419350527e+01 6.395183069096565731e+01 6.868350346387083505e+01 7.189948929437262848e+01 7.072311977420226015e+01 7.423278652832564717e+01 7.951138307496944435e+01 8.389268002378956623e+01 8.544061703260398133e+01 8.417968841571830296e+01
