final_code/thesis_FINALMODEL/topography/sample_increasing_int_topo.txt
ncols 100
nrows 100
xllcorner 0.0
yllcorner 0.0
cellsize 10.0
[rows 34 to 50 of 100, columns 0 to 36 of 100]
9.213401027609920135e-02 5.569021563327607538e+01 5.021994331883910689e+01 4.890524133053818190e+01 4.557457121622633167e+01 4.366895129264955244e+01 4.115481490714889645e+01 3.783299034836301189e+01 3.466172857258475659e+01 3.677450661365865869e+01 3.901811878176175696e+01 4.256197079075600698e+01 3.965530639484126141e+01 3.294790969308208872e+01 2.755478008274654655e+01 2.376443393895861078e+01 2.724322279063993335e+01 3.203213208472659801e+01 2.864967752169140525e+01 2.361309906530123826e+01 2.518698748217691019e+01 2.909389798378411740e+01 3.381030459381869946e+01 3.922291294428984543e+01 4.238591718465377767e+01 4.226488586215967302e+01 4.062128011508825409e+01 4.121185839971093401e+01 4.525010420959468149e+01 5.101118465527131463e+01 5.541509170557390007e+01 5.619194210631483344e+01 5.044206174478053839e+01 4.498640838423939670e+01 4.012565356642233638e+01 3.609755813066280439e+01 3.409270321031208084e+01
5.234813853615070955e-02 5.965880689769197431e+01 5.534469681062032009e+01 5.497299570081241882e+01 5.054719873020333409e+01 4.566944779125457643e+01 4.155840912514918273e+01 3.791163405374352635e+01 3.454085542167131706e+01 3.321968680537170826e+01 3.742456600793033061e+01 3.950334967936328212e+01 3.593115757100767382e+01 3.052578822453774876e+01 2.650434419486709459e+01 2.269104658451097833e+01 2.565528914259577675e+01 2.972096926512078952e+01 2.877282045260505683e+01 2.476077795718230590e+01 2.267903298839352999e+01 2.542608429258402936e+01 3.020650238224207129e+01 3.563543058472274083e+01 3.729192865317578764e+01 4.060384247654816647e+01 4.358589186416428873e+01 4.674270973325531031e+01 5.148794198803069833e+01 5.663938588033519039e+01 6.065061464975381966e+01 5.964259236398044095e+01 5.497539061264465943e+01 5.025750036360685158e+01 4.462429433918685362e+01 3.996680138138884075e+01 3.859102389227803798e+01
6.229481079083745015e-02 6.430465012045098661e+01 5.865688932448858850e+01 5.432788174291808048e+01 4.892114645285981567e+01 4.247432503880914823e+01 3.737644471784556544e+01 3.365404399828454274e+01 3.131394308381896252e+01 3.314081464427287216e+01 3.681153795158660103e+01 3.571034783107312904e+01 3.066816662742726862e+01 2.761408518210815544e+01 2.429398813818867708e+01 2.449479660836098915e+01 2.197796962745336913e+01 2.589468948079984045e+01 2.511263866330885008e+01 2.278008012532817617e+01 2.619005866878854505e+01 2.983958346297516329e+01 3.251667140479867157e+01 3.322272155861224974e+01 3.296150780016611037e+01 3.608110594454211650e+01 4.026544406430379297e+01 4.563953378629014423e+01 5.256874914689061740e+01 5.826601888232381299e+01 5.683874486974782059e+01 5.908643824942824807e+01 5.871617237754563945e+01 5.627313937077607875e+01 5.147758572190144122e+01 4.656045097187443105e+01 4.505767352704619810e+01
1.834783226245318907e-02 6.256135677257268668e+01 5.598319765698020234e+01 4.988096800387095442e+01 4.735651313309026023e+01 4.487201456014653900e+01 4.133927339808541745e+01 3.756364671614716144e+01 3.343774517717383077e+01 2.979213047525617952e+01 3.315898854093341441e+01 3.140168952778020994e+01 2.845350555196931808e+01 2.562575225253180022e+01 2.749183546813512535e+01 2.619466750627229246e+01 2.152490459316283733e+01 2.328886463811529239e+01 2.192299167657754566e+01 2.555655950696703016e+01 2.980470464319484947e+01 3.208796073803188875e+01 3.030494225253448093e+01 2.918289369033720959e+01 3.396650946935874060e+01 3.983292538756855805e+01 4.431302646718225446e+01 4.960819186912871004e+01 5.475803126660751730e+01 5.569411951095909785e+01 5.159715061151300830e+01 5.239117830808953613e+01 5.424245637648979113e+01 5.850299486161070206e+01 5.641319332801896280e+01 5.194047366854695724e+01 4.598709167718703839e+01
8.794976998887321651e-02 5.922093615378383902e+01 5.263827451798263724e+01 4.771191212995253750e+01 4.314598008339391555e+01 4.227176786519397211e+01 4.070305681468238390e+01 3.684588174571112518e+01 3.279308969052149791e+01 2.845528040640359535e+01 2.963404588407458462e+01 2.679379527222134527e+01 2.585512545519770100e+01 2.879390551290011757e+01 3.216589264325787667e+01 2.985470665819040192e+01 2.470331045145667659e+01 2.139949071684402071e+01 2.330593641252038140e+01 2.741381782837929393e+01 2.998023225545673398e+01 2.814703917140520062e+01 2.592406599117820676e+01 2.782350249678754395e+01 3.351784279331621264e+01 3.967653958544054404e+01 4.366916209272535809e+01 5.048817773131178654e+01 5.500664992593765845e+01 5.194604759124729298e+01 4.789840634717719325e+01 4.708062699173745358e+01 5.082664911633372640e+01 5.559942294260888218e+01 5.476192677902555062e+01 5.381029470289738015e+01 5.027223180005471903e+01
9.749028601234343422e-03 5.767019858526723652e+01 5.119799024538514232e+01 4.560728035940051228e+01 4.203305821176950730e+01 3.812432744139201901e+01 3.680035936725096946e+01 3.289025058100867938e+01 3.064480347674632554e+01 3.009679277544790565e+01 2.800741645574709437e+01 3.036035085852011406e+01 2.996040084791383507e+01 3.152751635337119751e+01 3.566047452728326306e+01 3.249620997077412454e+01 2.674215431220869732e+01 2.413524938339694614e+01 2.111545681717810652e+01 2.361899458270007202e+01 2.511761132632166493e+01 2.414830502339956908e+01 2.731178346737301155e+01 3.197712196156413000e+01 3.292074169458010147e+01 3.654369513754523524e+01 4.192229313417236369e+01 4.866530536999148637e+01 5.189533491578977475e+01 4.663729408082449623e+01 4.294218356270044268e+01 4.667659928474957809e+01 5.213535724387332237e+01 5.135635463683402691e+01 4.831106362041829527e+01 4.945758463948201467e+01 5.350485668896099156e+01
3.878634033380564533e-02 5.991029098267595998e+01 5.477946999171359010e+01 4.755648271856120601e+01 4.188493891749443776e+01 3.914913414211990528e+01 3.577009644541826816e+01 3.677001365381796205e+01 3.485205458532909262e+01 3.084245139466460017e+01 3.144705855086327873e+01 3.586854993480619669e+01 3.679167131083467979e+01 3.704576427060393939e+01 3.904344990779694058e+01 3.560131684328506907e+01 3.152684462486568506e+01 2.762327144742200247e+01 2.322027840354801143e+01 1.928686200326632871e+01 2.114124172218763675e+01 2.602985859362354404e+01 3.192473343583969125e+01 3.695857347714637342e+01 3.822033989644814511e+01 4.144577104537895451e+01 4.490348938722508620e+01 4.772175808738653302e+01 5.008045671069368154e+01 4.515130401696516316e+01 4.082975022695387679e+01 4.290227742906039055e+01 4.588407707394466684e+01 4.451505876279038887e+01 4.312582913437757526e+01 4.729341686502145592e+01 5.344193530653821256e+01
4.333685785204446222e-02 5.825520234820815091e+01 5.511568303772480704e+01 4.968051161039546315e+01 4.638411351243104974e+01 4.193406269543299203e+01 4.017301569560876118e+01 4.207776985650315993e+01 3.876587528733241328e+01 3.486121012121463991e+01 3.793383502611354174e+01 4.091215670916074743e+01 3.965752113174924887e+01 3.690824801781814557e+01 3.655763208788745544e+01 3.359325599240177951e+01 3.134945702390201916e+01 2.588302680084492735e+01 2.241258342614455046e+01 1.957063364069544065e+01 2.396035972080752074e+01 2.830534406047658535e+01 3.376255630638560490e+01 3.635483568729279114e+01 3.977845975463967676e+01 4.418098165980902792e+01 4.451963146826839335e+01 4.236239573138456649e+01 4.591917319680717213e+01 4.705856696855787646e+01 4.225511706841780324e+01 3.841615334479731558e+01 3.972082921004813727e+01 3.936495087525585745e+01 4.286394704116464283e+01 4.926613288517854983e+01 5.445413733809985501e+01
7.488791594575414101e-02 5.196651890425469134e+01 5.085353017576352386e+01 5.193827161136078274e+01 5.092729709038929542e+01 4.771687930381114739e+01 4.661901773512848024e+01 4.528491728745335365e+01 4.065351382063433050e+01 4.095756650403352239e+01 4.317477779818463546e+01 4.279885282568967142e+01 3.722061278833697884e+01 3.163300422897941644e+01 2.984469608506942251e+01 2.679020837989702741e+01 2.594300868660297965e+01 2.276894950491731606e+01 1.905620686106749773e+01 2.257850539842764093e+01 2.732777717612344404e+01 3.145177946635048372e+01 3.091552646191568243e+01 3.155204054188171980e+01 3.614290127706809130e+01 4.171219130556409027e+01 4.082431192488228788e+01 3.675946127938095742e+01 4.155142253354058823e+01 4.497736423578323439e+01 4.130396722380950081e+01 3.741602560214371920e+01 3.631315602513053165e+01 4.066540052725369492e+01 4.679146013152315930e+01 5.091885445055004311e+01 4.952709790653978672e+01
5.455303688726272776e-02 4.840114280581462936e+01 4.490393674708565896e+01 4.893087550540087705e+01 5.029123802652830477e+01 4.802011108587598898e+01 4.962002676973204984e+01 4.870065801645892378e+01 4.579723130741145098e+01 4.744189804777870734e+01 4.556884709483675522e+01 4.054673583519115709e+01 3.401892613873653914e+01 2.941869891782356561e+01 2.520851723704518577e+01 2.242725484243156941e+01 2.101876338415034695e+01 1.894089043553608320e+01 1.801729231482024574e+01 2.194396983134658186e+01 2.582784329870160889e+01 2.634274136806838129e+01 2.647813580649113163e+01 3.119385069600754079e+01 3.710053186901750877e+01 4.101957025910763832e+01 3.739061193926198712e+01 3.236190158242123971e+01 3.710331379835788823e+01 3.925340679765316310e+01 3.557485462932108788e+01 3.409806471280585782e+01 3.767273917033443809e+01 4.230491674162376370e+01 4.780996277216724621e+01 4.750872957711823119e+01 4.377240537934765996e+01
6.825597533913130288e-02 4.460301231873160077e+01 4.034096649822178904e+01 4.485065166229138356e+01 4.590942067819582917e+01 4.242811079525861118e+01 4.632864113420762919e+01 4.874040944108359241e+01 5.035984599241607640e+01 4.931110226200444657e+01 4.326610357058065404e+01 3.694796198368135975e+01 3.249992078247242944e+01 2.871946259838918181e+01 2.924809322982163451e+01 2.725981695528599147e+01 2.617623545333580637e+01 2.315894915332000181e+01 2.173428920403199527e+01 1.907596556002195598e+01 2.150136317959321630e+01 2.205463752970022284e+01 2.650909829047004962e+01 3.046651365345354634e+01 3.314354477585939662e+01 3.728986981373928700e+01 3.384741064661933052e+01 2.898319833659217792e+01 3.329494647534578888e+01 3.404915235611124302e+01 3.238511443213937468e+01 3.608744897715330069e+01 3.932862844057547846e+01 4.435551621745176476e+01 4.540847328186945475e+01 4.192347522858548814e+01 3.712292913569451258e+01
7.681000663350590063e-03 4.149583820498931885e+01 3.697808958984461469e+01 4.098854263534725106e+01 4.161072095886661515e+01 3.729396990810248980e+01 4.107877058805998871e+01 4.399059712390047849e+01 4.893859124601232224e+01 4.934923930422296223e+01 4.386283073004199906e+01 3.680334082798462703e+01 3.240459481623869920e+01 3.348849371396624974e+01 3.536452937534961904e+01 3.396366650701383350e+01 3.248057903076288255e+01 2.900083673130557571e+01 2.484051085647681845e+01 2.050542266407954983e+01 1.894712001294146830e+01 2.291427518198641877e+01 2.732179267440583104e+01 2.636713359980049631e+01 3.079641648832052780e+01 3.307327574252823155e+01 2.972530850972443162e+01 2.670672820650550960e+01 2.995858113019659896e+01 3.031698854313693303e+01 3.423148824757852537e+01 3.978780619316741252e+01 4.415671322306063473e+01 4.607467467396850935e+01 4.066390074654434272e+01 3.488112407799664538e+01 3.150252485040984496e+01
4.967295210247968384e-03 3.977491583481963033e+01 3.481499848592609681e+01 3.610830584601453808e+01 3.724870369563958405e+01 3.311898853888520478e+01 3.611461902409359226e+01 4.179089450676542583e+01 4.616466562243479643e+01 4.640105229691857858e+01 4.120499648856740293e+01 3.678426773712827469e+01 3.730380207267151604e+01 3.892298919512388977e+01 3.762348588318972276e+01 3.427984230714746161e+01 3.124355446141117909e+01 2.824381244313941863e+01 2.201337529351908273e+01 1.746028523359555962e+01 2.099874145540819370e+01 2.434499716170919115e+01 2.361101654808433281e+01 2.274471999699785130e+01 2.606828809840191497e+01 2.846066725067774072e+01 2.514753113273134488e+01 2.785557502321465861e+01 2.843739054441549996e+01 3.195259186273578322e+01 3.537511726255614519e+01 4.077803654941298817e+01 4.562814566473286249e+01 4.213064244563993554e+01 3.600252835980428756e+01 2.965211226363557273e+01 2.818190508125035976e+01
3.376673725333138171e-02 4.198200430788084248e+01 3.626959891734185248e+01 3.171478059008698125e+01 3.193334471905983918e+01 3.103261399918681107e+01 3.595009225554775867e+01 3.960428502648332483e+01 4.059901635499790018e+01 4.422466218548879624e+01 4.412676401256887004e+01 4.179532748540230358e+01 4.319644552913558044e+01 4.095606598385034403e+01 3.519067895862490758e+01 3.002345643777626805e+01 2.647693760241996586e+01 2.557926638582068080e+01 2.145556636458197630e+01 1.656953229080199463e+01 2.064599663949576680e+01 2.132929992416139342e+01 1.956390934788955605e+01 2.147646510257371943e+01 2.182653471251963850e+01 2.471378292457178105e+01 2.387083040633747544e+01 2.857571368040886028e+01 3.213898722014936027e+01 3.445735451557898443e+01 3.974171545422075269e+01 4.394832750686450140e+01 4.381896252614053111e+01 3.828964722476362681e+01 3.232789255111357818e+01 2.730744608003135454e+01 2.478003648836626738e+01
4.287772958673950058e-02 4.250193732909074384e+01 3.720259274333132282e+01 3.159313284388747789e+01 2.790789705301971679e+01 3.153707859341768227e+01 3.584204130064038196e+01 3.391686079906954632e+01 3.521255086549334123e+01 4.123252133458893809e+01 4.384560926065558562e+01 4.199199927743661220e+01 4.420193856702196200e+01 4.332956350481601504e+01 3.882129284878713094e+01 3.347551597026859582e+01 2.713030322369130687e+01 2.228896996096526095e+01 2.013801023442701776e+01 1.633101107263471974e+01 1.897506166983960796e+01 1.833170943201409031e+01 2.104862148956040713e+01 2.030986026209491868e+01 2.360081175928800334e+01 2.329319200015990532e+01 2.600329491412153615e+01 2.929111228011331036e+01 3.545250037321627445e+01 3.999525187193678732e+01 4.359828466395728697e+01 4.408262487020291331e+01 4.125920306476184152e+01 3.889058867796237706e+01 3.580600225969304518e+01 3.239786734460610518e+01 2.750985281480289046e+01
1.289815604239990046e-02 3.993201607170063738e+01 3.364869022804806775e+01 2.880507532222421929e+01 2.598264983940624973e+01 2.878148627118608971e+01 3.152903345399786517e+01 2.897636129631324309e+01 3.287074720158634733e+01 3.946965333863828107e+01 4.004469925635392968e+01 3.643976358115106962e+01 4.022221562010164320e+01 4.112174025139646716e+01 3.934503516715950866e+01 3.347558241591481476e+01 2.764315912317789881e+01 2.379184551037038631e+01 1.889909624761336104e+01 1.810397277705448005e+01 1.698939927488352808e+01 2.099191443832356541e+01 2.504967172640713713e+01 2.443309483123852743e+01 2.823949280457808086e+01 2.803739927540631527e+01 2.729316930375534156e+01 3.169105891132327102e+01 3.806285542468880578e+01 4.413611198698960436e+01 4.550438895879890566e+01 4.126385240057871329e+01 3.571467324962518575e+01 3.331624021608525510e+01 3.409878455810451925e+01 3.558224281059717242e+01 3.055782821360394763e+01
6.548447405171775246e-03 4.104804197069610439e+01 3.558281687557086315e+01 3.305381667743193219e+01 2.858121833834698577e+01 2.529263299201280546e+01 2.650117763199105525e+01 2.579320071381601309e+01 3.088003431375789987e+01 3.656927171571628321e+01 3.606587171579615614e+01 3.148776621972353951e+01 3.506860559874260730e+01 3.530866997889131653e+01 3.821728956398224142e+01 3.687755622631100039e+01 3.258133046779022379e+01 2.746008593166020972e+01 2.091813873832231607e+01 1.665058498483241678e+01 1.873707346068204771e+01 2.324218947008223779e+01 2.818554190484460520e+01 2.997827010802307868e+01 3.341750683111010289e+01 3.466547253180921473e+01 3.250149557934361866e+01 3.709405972855427791e+01 4.255950712519886991e+01 4.509165472056140800e+01 4.073297923296243539e+01 3.790844575979450326e+01 3.432888720878487021e+01 2.899935037662582715e+01 2.811281830886692745e+01 3.142472190687806233e+01 2.980949672571051323e+01
