final_code/thesis_FINALMODEL/topography/sample_reg_int_topo.txt
ncols 100
nrows 100
xllcorner 0.0
yllcorner 0.0
cellsize 10.0
[rows 68 to 84 of 100, columns 0 to 36 of 100]
3.474999955651238842e-02 4.216780194361610512e+01 3.693647378154381045e+01 3.524196543720766783e+01 3.215906836048492323e+01 2.791381412128131956e+01 2.620101930130896051e+01 2.883627614368536385e+01 3.211157366882509479e+01 3.273157347467700617e+01 3.040566446409276580e+01 3.008784059570073666e+01 2.669786926100835700e+01 2.189769416516182687e+01 1.397660324888488148e+01 8.339697506825357820e+00 1.181152263745736164e+01 9.257842563137883118e+00 1.232797645886457616e+01 1.331882445831061901e+01 1.218427527823254941e+01 1.052728802415936826e+01 1.207417761070230888e+01 1.633980000383182585e+01 1.923525251883738107e+01 2.020328250884032428e+01 2.486243761679809694e+01 2.926900546749291365e+01 3.318209241900822803e+01 3.498338263170357720e+01 3.284498657734405214e+01 3.464829224704055122e+01 2.928641011468105404e+01 2.352134474963615673e+01 2.076235970870796166e+01 2.479776033020937120e+01 2.966937849251035431e+01
4.228991416757432731e-02 4.133154406015846405e+01 3.505778069417949894e+01 3.034030637950503362e+01 2.913006568444836120e+01 2.689309095282459694e+01 2.211327331682104358e+01 2.198200603059229863e+01 2.635831663513142331e+01 2.827450895004455944e+01 2.454325788052444324e+01 2.318519599990797531e+01 2.088360781754095186e+01 1.816915432425585308e+01 1.197665921070332473e+01 7.588981916683531281e+00 1.086857273497414056e+01 9.220591117091538891e+00 1.394416925562152443e+01 1.546031703404926461e+01 1.188509072374374576e+01 1.435363170642843933e+01 1.570355935718021456e+01 1.410203354657795849e+01 1.528873583655685131e+01 1.877970533200258529e+01 2.224153567115175179e+01 2.423444158020923567e+01 2.926756187501980122e+01 3.526886143976382471e+01 3.788333851904146599e+01 3.821445768349116179e+01 3.142826089400696787e+01 2.582690584484445750e+01 2.493274729462807215e+01 2.485637016527943643e+01 2.927481337652972826e+01
2.893750891725621610e-02 4.134012415516439631e+01 3.633465077167971913e+01 2.963608445518866574e+01 2.495943706382641381e+01 2.714959345907407240e+01 2.286765340223211496e+01 1.843140691535776199e+01 2.012499416382399176e+01 2.278664144062211605e+01 2.188339115934237000e+01 1.793251840377826056e+01 1.653885819159031456e+01 1.366818523757778081e+01 1.135732364081831491e+01 7.611283957137167100e+00 8.720810479868834619e+00 1.241847849076543042e+01 1.688463475498426192e+01 1.756733754733694752e+01 1.363088661601223528e+01 1.672138876745637148e+01 2.008243600616277647e+01 1.922712645713815860e+01 1.915306126226264993e+01 1.709928655867510372e+01 1.869237010720443237e+01 2.264131913169969579e+01 2.725366160722681741e+01 3.220382362622774508e+01 3.692376462880689303e+01 3.802466352306486641e+01 3.308682704373849504e+01 3.099541380844830130e+01 2.881452047146761331e+01 2.912023373330312381e+01 2.850071893496672004e+01
5.125576366486798985e-02 3.806755635411855110e+01 3.153975645190271848e+01 2.580776113539830519e+01 2.148293670104797570e+01 2.335135735512167798e+01 2.397967325200083266e+01 1.907679394131216455e+01 1.528581423774647874e+01 1.689664040548903401e+01 1.896063985491062454e+01 1.689163484678174143e+01 1.253873069597917045e+01 1.148136530373697539e+01 9.246448777915837525e+00 1.120037550748963184e+01 1.269601155628943090e+01 1.365961078805366924e+01 1.818108041958444687e+01 2.093681056783922045e+01 1.814072796101142870e+01 1.579302355761167576e+01 1.924955107857048020e+01 2.289637677369242041e+01 2.407557592073718666e+01 2.189956606833169772e+01 2.242898602680017461e+01 2.042370338724197154e+01 2.285728096128264397e+01 2.708421950507004539e+01 3.389692508917358538e+01 3.968731277350713782e+01 3.847188577181685076e+01 3.691047739572327657e+01 3.514246002381669598e+01 3.582885498030805849e+01 3.276691718975238388e+01
8.534095332704738635e-02 3.672380751872916704e+01 2.971297047516864609e+01 2.365035627498152593e+01 2.003213589852541077e+01 1.891336760203657974e+01 2.018797681119347232e+01 1.833579995766537962e+01 1.494196404030163805e+01 1.237766630477590368e+01 1.439317634000756030e+01 1.543659853163324769e+01 1.189196601117948759e+01 9.444332471599341972e+00 1.187632709822957722e+01 1.150310497821658728e+01 1.528744811379837465e+01 1.832165538304644414e+01 1.958239447850392168e+01 2.383676292080858516e+01 2.242896351238506369e+01 1.857965525511347948e+01 1.712337556346543721e+01 2.078001035051905632e+01 2.551377140661001164e+01 2.813512965919351316e+01 2.758913666518686369e+01 2.321748898729456556e+01 2.636512203864859671e+01 2.667507143059277297e+01 3.097163616140944953e+01 3.782210498626451312e+01 4.223015203431864961e+01 4.379397011898888792e+01 4.246474071817916496e+01 4.186100129129172132e+01 3.999873384634158668e+01
5.796984041005667082e-02 3.753326440558945620e+01 3.112455955910684935e+01 2.613100019657346706e+01 2.437948344926802946e+01 2.038179442908324290e+01 1.664359669260297281e+01 1.442293878606010082e+01 1.297445465319097835e+01 1.324219435253723631e+01 1.040807671063108408e+01 1.130648689571210674e+01 9.335076320678405537e+00 1.245052999358019896e+01 1.600973100388036841e+01 1.476732779115250693e+01 1.919104065424477668e+01 2.494688440386129713e+01 2.468499248209556640e+01 2.712533645391716419e+01 2.324114682347453353e+01 1.876598389632184194e+01 1.997155936024510936e+01 2.382261965417334082e+01 2.890055664657681689e+01 3.440699008852133289e+01 3.174168518632718161e+01 2.739127055651002962e+01 3.062204583068128017e+01 3.137003180866114604e+01 3.056912091911390306e+01 3.501120181522900054e+01 4.079132341285627916e+01 4.604251589521904720e+01 4.543746407487801520e+01 4.322365196769231233e+01 4.440367556593275111e+01
9.041221178575080397e-02 4.084556586033491499e+01 3.636176795704140119e+01 3.182972042468025720e+01 2.630966510955912696e+01 2.142823632352913421e+01 2.116210338156763981e+01 1.921325141834265793e+01 1.724315381224809940e+01 1.606231555993034021e+01 1.152734302569964164e+01 8.142790948033800547e+00 1.145525455284356475e+01 1.454406647884261972e+01 1.997051108836959799e+01 1.973423828782781797e+01 2.032489287457839566e+01 2.542555104180839720e+01 2.970112855607286306e+01 2.969752706435096101e+01 2.470083193925330534e+01 2.226389971252533684e+01 1.919183747746908608e+01 2.123486833086308678e+01 2.626959382443321545e+01 3.162287695002930121e+01 3.423886457774548830e+01 3.308054654896137237e+01 3.366176979119525470e+01 3.707749075433581254e+01 3.515398732630794143e+01 3.996018766271216549e+01 4.448346533273277004e+01 4.736302479809804566e+01 4.303695501383234756e+01 3.842757109110394964e+01 3.843864774259573380e+01
8.029406028710217580e-02 4.130248220676266158e+01 3.868302805578885994e+01 3.625373807315227737e+01 3.128216974434159070e+01 2.658638783381027082e+01 2.738316202749398443e+01 2.216884411983105707e+01 1.740765858166310309e+01 1.351554289833323352e+01 9.758056083105186573e+00 7.495001903245230856e+00 1.110632522230534391e+01 1.391756028867840023e+01 1.807515816404473341e+01 2.181984766158614519e+01 2.417622617300157728e+01 2.614409505572196224e+01 3.126376914546499108e+01 3.345178556154603200e+01 3.010289368249843633e+01 2.651774448958439478e+01 2.231478363448321289e+01 2.441259652765026189e+01 2.322993834950365510e+01 2.764254777410550190e+01 3.331607113429873834e+01 3.838610096352638834e+01 3.957991063437287238e+01 4.218186249424844192e+01 4.126317097956634683e+01 4.508537794572128377e+01 4.719125714788275161e+01 4.569920400936102567e+01 4.417573938329061178e+01 3.759494333862096482e+01 3.325479732455350046e+01
4.037252567882113757e-02 3.515704659100733664e+01 3.335736755709248769e+01 3.581995587011120818e+01 3.568308239527917891e+01 3.327028144281877076e+01 3.235492274443193139e+01 2.746233769961316895e+01 2.229898458169591891e+01 1.777015311756343507e+01 1.376068099828727576e+01 1.022801122441021882e+01 8.071244620190805463e+00 9.492629326759571384e+00 1.279867871952958325e+01 1.873471494876651278e+01 2.546483101701595331e+01 2.979927642367483998e+01 3.313214066700018634e+01 3.802053788590442451e+01 3.379163915295720244e+01 2.823529520690694383e+01 2.717087377023966610e+01 2.818858571491260534e+01 2.440014449811346253e+01 2.881514884404899135e+01 3.476875445934981457e+01 3.856018895537243907e+01 4.166170746418498538e+01 4.533965692515478452e+01 4.738123568084630932e+01 4.951171750045631370e+01 4.516731237229835472e+01 4.072185281181164385e+01 3.926050719499206565e+01 3.483799925114598750e+01 3.055301720431484469e+01
8.575608572762147275e-02 3.213465057644354061e+01 2.808540383550461428e+01 3.171576211034793147e+01 3.671396413630858291e+01 3.736564353872088873e+01 3.363673190045587091e+01 2.812851007533968328e+01 2.150900447741783950e+01 1.593910852755283969e+01 1.061109264943060992e+01 7.287933838246128282e+00 1.078338525284370242e+01 1.327300747040151840e+01 1.280973762601066568e+01 1.754709603650559302e+01 2.404405813451842278e+01 2.880874020148036863e+01 3.322789065192613123e+01 3.812096335336726582e+01 3.734620569169372573e+01 3.316638314422004186e+01 3.390876490636046015e+01 3.200498805142173353e+01 2.660524378531692946e+01 2.748965391675019276e+01 3.175512180830582665e+01 3.391579588000364964e+01 3.769860005158161442e+01 4.299232990511310959e+01 4.934117608282037537e+01 5.327638051769972094e+01 4.856819064802740371e+01 4.112418877652879701e+01 3.527088200173108845e+01 3.181116370300177820e+01 3.184445666842533740e+01
3.010560449763687377e-02 2.892868143337158671e+01 2.441760996835846598e+01 2.834460133152694894e+01 3.085078193495616716e+01 3.290494734285705647e+01 2.862888895420768165e+01 2.355863218075789689e+01 2.053203777185944290e+01 1.832712187049042640e+01 1.212471263331715932e+01 6.931570757171962249e+00 1.125112930133663269e+01 1.720152180666642039e+01 1.723298865353483578e+01 1.645421763127001924e+01 2.049533118897124240e+01 2.396710754952073330e+01 2.966889759619110123e+01 3.659820114479812503e+01 4.053073552320287121e+01 3.850249434885685673e+01 3.970321702509609452e+01 3.502807203030139505e+01 3.087027550125131370e+01 3.181814902084676078e+01 3.110253781863573153e+01 3.469879921405863854e+01 4.067613975407682148e+01 4.589366573535434668e+01 5.174924045766297809e+01 5.601715661574046123e+01 4.974738907747062910e+01 4.247086996777046153e+01 3.794315182281299315e+01 3.422763751050869985e+01 3.580221789258578013e+01
1.140670907884745386e-02 2.711282059284594936e+01 2.208702845595136210e+01 2.303511488911681582e+01 2.426990053224747612e+01 2.848127531679999436e+01 2.620356175164777923e+01 2.009182145823014309e+01 1.607153528488904470e+01 1.514428544037184210e+01 1.180715060028868990e+01 6.976140763811304879e+00 1.188001840966914813e+01 1.859516557927186398e+01 2.203954139107019472e+01 2.068654790045876268e+01 1.977576714717115536e+01 2.422989863847792691e+01 3.161739132799292662e+01 3.733645231946972842e+01 3.794217052155228487e+01 3.581059139798450985e+01 3.821204911269315119e+01 3.916747456350594803e+01 3.646404787426121885e+01 3.812416586129860718e+01 3.589182154767891575e+01 3.423407085659181348e+01 3.779578907140398769e+01 4.361276951838340921e+01 4.996640623743331844e+01 5.114193555252078482e+01 4.835998393363963999e+01 4.262030350846014670e+01 3.860641239335751607e+01 3.965610053811362690e+01 4.059885740510197394e+01
4.940147565392236789e-02 2.940768672180745824e+01 2.376829883939027610e+01 1.918048977504831498e+01 2.032523414484012036e+01 2.439429058086286517e+01 2.531253235587038120e+01 2.109078159998407642e+01 1.605451690599232251e+01 1.133566327612576785e+01 1.018934048518882740e+01 7.070275037067696999e+00 1.022976636816861173e+01 1.621432623662357742e+01 2.244192881103768400e+01 2.506889928658653588e+01 2.329228461005999762e+01 2.392586423359327341e+01 2.884161056797083589e+01 3.369046299456233129e+01 3.266026646686479040e+01 2.936546789997987261e+01 3.384924705079832563e+01 3.871554203664623373e+01 4.123473930407566712e+01 4.413672979066795676e+01 4.179670086916382132e+01 3.869711599217927045e+01 4.164432601050823735e+01 4.767641858116505205e+01 5.218501293869841362e+01 5.004503099640332664e+01 4.507830542292833087e+01 4.171288636514753279e+01 4.336948285459568808e+01 4.579251035012737958e+01 4.645526401100106995e+01
3.101302940290096011e-02 3.020007609547597838e+01 2.567751483959684577e+01 1.976686533887122366e+01 1.570568498175902050e+01 2.004784481492090009e+01 2.078412117836261075e+01 1.622503315648700806e+01 1.469465451037190462e+01 1.071381516865038996e+01 8.099841581275128988e+00 1.095061228775914763e+01 1.437374637842537339e+01 1.998665164196187050e+01 2.374504913707535181e+01 2.300857085022058612e+01 2.267409331861039590e+01 2.563619563272774826e+01 3.032511959922715761e+01 2.893327574220781173e+01 2.601043700519045743e+01 2.442583425644870587e+01 2.933902684991386423e+01 3.540077153595137105e+01 3.776117971808719886e+01 4.114548417838178551e+01 4.244731537704017654e+01 4.360320043781099031e+01 4.694871661738044111e+01 5.129994936825566754e+01 5.479427621030593087e+01 5.143950360168950198e+01 4.946237149663104304e+01 4.619714254287517718e+01 4.846245875360336441e+01 4.727620010516022830e+01 4.383680916433692687e+01
1.303635835976315639e-02 2.462717195143846283e+01 2.211978945816640874e+01 1.798858297372462189e+01 1.303580934602682895e+01 1.732261978153715631e+01 1.706218869468349908e+01 1.199838619628631520e+01 1.074797584955935825e+01 7.988954266339096222e+00 9.981053622531769420e+00 1.317413639268885639e+01 1.897101708446870916e+01 2.284561960934583880e+01 2.036818007298373345e+01 1.641768739028017166e+01 1.634618337563442836e+01 2.120814623278825906e+01 2.430887334312174985e+01 2.235207671185871803e+01 2.079376611646980777e+01 2.422474142590616353e+01 3.092860853204663485e+01 3.385319125543725960e+01 3.161175618599313708e+01 3.520477816297941587e+01 3.638275680113419241e+01 4.026341504886725886e+01 4.291002889708062185e+01 4.690278672224934553e+01 5.139062250254769992e+01 5.489139593901457914e+01 5.439849400317267225e+01 5.106699720533580944e+01 4.893945127593167399e+01 4.354582335865455178e+01 3.713552710939806900e+01
2.550969840533044014e-02 2.201518607787952320e+01 1.691876740648842414e+01 1.468915862671119754e+01 1.082952458480406577e+01 1.529201971663356119e+01 1.483672025772604464e+01 1.069763506565418965e+01 8.017100833867697673e+00 1.012486483312668462e+01 8.682174851524283810e+00 1.161781909297869930e+01 1.450515242542797267e+01 1.739273824892073961e+01 1.536585541926272214e+01 1.194924068046146282e+01 1.236812760577921289e+01 1.635879471760382486e+01 1.808782713254732144e+01 1.732773131586537829e+01 2.115565378421894138e+01 2.614203452130143290e+01 3.196873346603597099e+01 3.064128948497330640e+01 2.628068094105173458e+01 2.910378144193030536e+01 3.003215547635458904e+01 3.390633593116540112e+01 3.563674507265530877e+01 3.966546118075137883e+01 4.548281002273840556e+01 5.047291284529310218e+01 5.248206214240005352e+01 4.873950678243476631e+01 4.434422975753557239e+01 3.819222287973772012e+01 3.243590040071033798e+01
5.398762161882948718e-02 2.075246158237942495e+01 1.421575302095957838e+01 9.492439690643880823e+00 8.804109728676491997e+00 1.298263905876954816e+01 1.094822356981555878e+01 7.956357246916986092e+00 1.053645474321793785e+01 1.408962678712448735e+01 1.231756913639795137e+01 8.955547959122961643e+00 9.495851454896783395e+00 1.251257131040415693e+01 1.179709317628772780e+01 1.490395500092609637e+01 1.584507354793892553e+01 1.318130081096576589e+01 1.388575606452475419e+01 1.701761220097089122e+01 2.097427195779268416e+01 2.697764433108590154e+01 2.856868321239117492e+01 2.579885440285173814e+01 2.284794515463663700e+01 2.448415003669186873e+01 2.638391629405688832e+01 2.915687513532186514e+01 3.179646819366517363e+01 3.561257757760356668e+01 4.095323207942509924e+01 4.729164716033915283e+01 4.957961096818534230e+01 4.452379254158970667e+01 3.943752333060137971e+01 3.538937799967266784e+01 3.261224690972753137e+01
