final_code/thesis_FINALMODEL/topography/sample_reg_int_topo.txt
ncols 100
nrows 100
xllcorner 0.0
yllcorner 0.0
cellsize 10.0
[rows 51 to 67 of 100, columns 0 to 36 of 100]
4.790414149675031874e-02 4.506090128185541488e+01 4.104863429595454249e+01 3.652976187423729471e+01 3.058378663452544544e+01 2.725505754363607025e+01 2.346222453081347226e+01 2.444634244453426319e+01 2.710903451121334129e+01 3.253464686649401472e+01 3.245374802728536423e+01 2.771894531439809128e+01 2.898545175857646683e+01 3.021191786077659458e+01 3.570694364740452897e+01 3.813041776543059314e+01 3.377492297927972942e+01 2.830495506325211608e+01 2.167048674317268109e+01 1.807158966425510371e+01 1.611698953177036842e+01 1.977346696800027104e+01 2.535721828661784016e+01 2.943236309295358666e+01 3.376015527547681216e+01 3.786892571720236589e+01 3.805416598688195506e+01 4.138048067677198816e+01 4.412963478225307767e+01 4.189986887977968166e+01 3.566555962744862285e+01 3.245698182187526015e+01 3.476235741259946366e+01 2.966460726214414123e+01 2.480722654032785002e+01 2.602532143848186763e+01 2.781852922068038936e+01
2.990212595082230099e-02 4.822579542449435763e+01 4.422357673566017411e+01 3.996937382439828923e+01 3.605868931098322605e+01 3.165540137698064171e+01 2.586553032197178226e+01 2.172317568694410284e+01 2.400398976103445037e+01 2.804939130380039103e+01 2.902655297968075843e+01 2.540388939838310023e+01 2.422377520708832321e+01 2.845790608530991861e+01 3.408318602869339742e+01 3.540718206924669431e+01 3.004820969036709855e+01 2.434344924894227091e+01 1.980876482520725190e+01 1.581354243729892062e+01 1.751113880357274155e+01 1.990649926404243431e+01 2.121614941565620427e+01 2.501823551854274186e+01 3.024257027600727810e+01 3.579980467495261109e+01 3.731321742238772998e+01 4.018359076376211192e+01 3.914676288402145587e+01 3.607215875010820127e+01 3.055395123561825343e+01 2.785475523434921996e+01 3.238607280924150444e+01 3.168779483884378578e+01 2.613527760536329936e+01 2.158845831622028300e+01 2.239801280110788184e+01
3.676239949994595385e-02 4.575191116868276708e+01 4.039005177672049740e+01 3.894015358524751491e+01 3.972508362873217180e+01 3.512527960082622513e+01 2.867244717271054100e+01 2.332026465157855100e+01 2.043829331149893136e+01 2.281562763064129129e+01 2.446846171345000087e+01 2.091582734780077146e+01 2.191960356935126697e+01 2.489200597035031848e+01 3.087308093478190330e+01 3.293179192829131097e+01 3.028655868950660590e+01 2.389646016311898080e+01 1.840815840252525959e+01 1.682330986027329445e+01 1.502042078457068541e+01 1.720588260115985335e+01 2.201535465168509376e+01 2.833012171545555802e+01 3.306749662028876457e+01 3.456831005328977824e+01 3.200475446339241614e+01 3.586437689645249804e+01 3.659208015484730225e+01 3.151888352055182807e+01 2.623018179668260785e+01 2.423601854796019950e+01 2.936353270253850667e+01 3.171055117024312153e+01 2.825735433339595204e+01 2.239618424907638072e+01 1.792418005066959807e+01
4.104878240991868127e-02 4.469987924715375982e+01 3.843723778965059523e+01 3.430960111918420097e+01 3.483874378921768766e+01 3.651563278144613633e+01 3.410960240381785979e+01 2.857335740516001721e+01 2.288822216922677555e+01 1.914223688907483023e+01 2.030246515482797420e+01 1.902170030955333502e+01 1.840340951544478898e+01 2.322577627768036379e+01 2.778025316443599735e+01 2.706299861651341843e+01 2.460625143132336134e+01 2.070302835853730983e+01 1.752236905705359149e+01 1.523392601680793135e+01 1.831704775640917404e+01 2.150665224881534243e+01 2.310858418873167608e+01 2.799802464734847263e+01 3.303827212214706321e+01 3.154309261650323748e+01 2.711732911197873364e+01 3.201410533926965485e+01 3.682475917548430289e+01 3.432494336747797092e+01 2.755116390001149540e+01 2.258308403671599862e+01 2.444252870802604960e+01 2.643495342087871691e+01 2.648728637981812284e+01 2.238442610642538355e+01 1.782210290906718697e+01
3.260608231146373825e-02 4.335872341885879422e+01 3.836658810732145497e+01 3.326568136047212931e+01 2.966184682350481339e+01 3.354520931069475864e+01 3.662350073828271491e+01 3.224722525278559715e+01 2.574613969913545475e+01 2.132308444991282670e+01 1.696014226416733095e+01 1.549190048165340983e+01 1.777599065060912054e+01 2.170628548363142585e+01 2.206381114978248092e+01 2.322013118185714120e+01 1.918242724355367912e+01 1.738646457557520009e+01 1.501302795810067892e+01 1.786032469452331384e+01 2.115678481168378511e+01 2.647499735319964387e+01 2.846420049103515382e+01 3.037356852940619234e+01 3.075253630180314701e+01 2.808556194352179602e+01 2.303168480695530107e+01 2.726554576211498571e+01 3.380363571808153722e+01 3.455267513371957477e+01 2.824893925889164237e+01 2.342535742104757546e+01 1.977110756819596560e+01 2.278491729955409539e+01 2.107046013961136310e+01 1.821092740471688387e+01 1.524799905519580534e+01
2.639830978664934463e-02 4.078503317586660870e+01 3.494474022050788165e+01 2.981071324804187839e+01 2.632080966319740867e+01 2.802617718274397163e+01 3.278922033811897307e+01 3.413281666927347402e+01 2.990814919577082520e+01 2.513975625875089293e+01 2.119890616494756941e+01 1.765322305716848206e+01 1.430086032736670276e+01 1.782206322373394514e+01 1.672320098258371246e+01 1.977490215357985548e+01 1.713222997033517103e+01 1.477388334553412363e+01 1.740646021402865884e+01 2.063099992461462051e+01 2.628409466395273597e+01 3.043421168589825498e+01 3.183645867696460385e+01 2.748228040294099017e+01 2.467362236831477063e+01 2.383770494106413196e+01 1.962329321574277685e+01 2.369062314711382555e+01 3.059688535354184324e+01 3.579026051977240286e+01 2.967916013042309942e+01 2.266303725337601804e+01 1.798777165698680847e+01 1.932971120436570445e+01 1.821478950182786249e+01 1.431721449575010752e+01 1.739921292768055139e+01
4.785076139670936535e-02 4.303729911585371326e+01 3.865140413541088549e+01 3.379620805648114867e+01 2.788394151344913041e+01 2.407843908623575757e+01 2.899518670292163591e+01 3.124756013652351427e+01 2.632330669623384978e+01 2.441786282607973391e+01 2.284370752083906808e+01 1.751045387744591508e+01 1.316129174146668390e+01 1.501958504102918290e+01 1.323173230756368035e+01 1.572725942676914812e+01 1.436744750475606658e+01 1.756994308147902117e+01 1.996896995435204047e+01 2.521005861210664989e+01 2.953115288639379798e+01 2.999218869999466008e+01 2.824558888871428053e+01 2.525054356850526815e+01 2.005978127573118996e+01 1.888295065496321712e+01 1.753005002380617583e+01 2.218323244588542664e+01 2.679812976290398296e+01 3.089292969017076018e+01 3.070187297832363882e+01 2.461595282563163067e+01 2.041754645333119100e+01 1.634941151479833366e+01 1.627394205152986828e+01 1.396444900563221125e+01 1.925259948621789619e+01
5.915147824110337377e-02 4.262293877585655366e+01 3.846342810810900659e+01 3.347377127621377468e+01 2.623140939965315255e+01 2.166809730255650024e+01 2.646575587490269754e+01 2.967501394449195118e+01 2.446553394275444049e+01 2.010332026932103844e+01 1.979520386701516799e+01 1.871233361607884049e+01 1.498898678363170234e+01 1.311356966531213786e+01 1.541878207425067515e+01 1.388645789702582434e+01 1.718716529116220926e+01 2.212523141728157583e+01 2.566778946100777503e+01 2.857448471288327241e+01 2.869551973729085859e+01 2.415251950353683696e+01 2.186195006161278798e+01 2.358487705681283231e+01 1.907114834722901264e+01 1.458064988748144053e+01 1.752320705453077210e+01 1.925065620542640943e+01 2.144107082696014999e+01 2.678489691025052011e+01 2.942231028772833668e+01 2.611027591450654128e+01 2.362279678586246590e+01 1.876442593221390709e+01 1.463215817694782217e+01 1.627857579203125482e+01 2.076581915556440805e+01
9.009667908228130573e-02 3.926841567999872495e+01 3.374579845956864688e+01 3.094638638588611101e+01 2.513224621959582095e+01 2.046466269298463203e+01 2.295653422778324781e+01 2.614447268663257873e+01 2.478748972849518850e+01 1.930207533677245380e+01 1.525430082312946034e+01 1.495217358450398493e+01 1.295965190235336095e+01 1.646910994299511088e+01 1.991335399177771137e+01 1.787102844047557682e+01 1.947007046172043232e+01 2.514599278831076035e+01 3.015775406906211842e+01 2.831225099321435934e+01 2.542562483222571856e+01 1.939200863927026575e+01 1.621998406922176272e+01 2.002004691482116883e+01 1.712286567438739837e+01 1.188138186176069944e+01 1.418230255339360824e+01 1.405038318752182391e+01 1.885537094489754395e+01 2.251954006042396728e+01 2.413220455919141116e+01 2.137481065246559808e+01 2.395676136575310622e+01 2.222081152549332828e+01 1.781700741919896558e+01 1.430185484531523343e+01 1.688648188104666659e+01
4.715438695229591526e-02 3.825026660635627707e+01 3.203427402320163964e+01 2.721492137533861566e+01 2.348134410477194933e+01 2.158567835626940123e+01 1.831228851264985735e+01 2.052359476812580397e+01 2.054747442101711385e+01 2.036174858071834848e+01 1.469912151925312571e+01 1.155100638791581780e+01 1.518604158518203384e+01 1.967229530843656349e+01 2.491329863044881421e+01 2.449075209859979196e+01 2.546178894755295730e+01 2.777858371348151678e+01 2.698226616905809294e+01 2.301377284296228609e+01 2.086559563812133078e+01 1.725395459282326627e+01 1.280598025215509317e+01 1.656073177297562182e+01 1.454227648496352998e+01 1.040420949386663807e+01 1.047763325324024919e+01 1.100827111446271367e+01 1.463960780077506740e+01 1.547702155968960369e+01 1.669959792214773486e+01 1.677048716812689833e+01 2.189806886897885363e+01 2.480469972996302985e+01 2.041516561414952946e+01 1.641141177979881505e+01 1.291019210661324124e+01
3.096764780222893785e-03 4.074521241164380569e+01 3.583067396934038129e+01 3.078724244672751453e+01 2.622041078583299267e+01 2.214315497436971469e+01 1.735119299894263278e+01 1.589811660004493810e+01 1.531520054364643713e+01 1.691261599003007987e+01 1.450155337296695457e+01 1.106700727813037410e+01 1.420660188756009212e+01 1.734244950330223389e+01 2.316368146308676046e+01 2.611978145236721005e+01 2.907752216404043821e+01 2.759224404794488095e+01 2.210207983607260829e+01 1.904685890832076822e+01 1.548612249538929575e+01 1.390664835331024030e+01 1.082649860745769210e+01 1.329872256227258376e+01 1.167581899906986997e+01 1.417817047035702771e+01 1.579417999069153922e+01 1.481709616904338134e+01 1.103935238424394250e+01 1.094319994504701299e+01 1.203354854062679813e+01 1.543103054071211488e+01 1.975067808751094134e+01 2.038939721776231551e+01 1.650715615500990197e+01 1.525921232128777838e+01 1.170827538175701044e+01
7.494297770287219884e-02 3.971049293649411993e+01 3.482964713241293708e+01 2.863900258100833440e+01 2.348490396501678390e+01 2.125617029672360658e+01 2.196692594435763013e+01 2.013424287093983267e+01 1.705172911173557182e+01 1.369872885127790596e+01 1.219067641135566404e+01 1.284244461053897979e+01 1.088536701630976467e+01 1.554798367748289323e+01 1.956198433205786458e+01 2.192742635256081485e+01 2.705014075143904506e+01 2.636825513924952702e+01 1.949755243194223198e+01 1.439591644156582007e+01 1.308075131683071035e+01 1.115935768036723630e+01 1.323289103994892280e+01 1.138453727483635092e+01 1.396002690667869039e+01 1.681389772167033314e+01 2.141395669822930614e+01 1.893894546981968929e+01 1.364609659698971988e+01 1.567095821998664817e+01 1.549358295606970515e+01 1.298232353688236174e+01 1.563126029686216256e+01 1.571253266156683281e+01 1.251851337477648585e+01 1.268184844760291341e+01 1.562489106095498492e+01
5.538177204173176660e-02 3.714566419673175091e+01 3.119192338136517861e+01 2.668383524377373561e+01 2.758855714731730302e+01 2.666166514483923322e+01 2.673352049371959538e+01 2.173775931000161421e+01 1.770717235397624734e+01 1.765457274688647971e+01 1.562981061103929825e+01 1.230899008530785466e+01 1.021792439554401177e+01 1.349858223306777738e+01 1.514961309379996024e+01 2.017757372175936936e+01 2.625522701170051221e+01 2.603538367615090721e+01 1.940061260267081167e+01 1.298204350781240457e+01 9.975961365538601910e+00 1.365653356688337183e+01 1.700696729131773566e+01 1.494780504102344487e+01 1.560058738334318562e+01 2.025377812817798429e+01 2.543066511087374693e+01 2.279082324185469588e+01 1.773943957568264551e+01 2.099792751062757290e+01 1.954268920311157487e+01 1.533044160328364924e+01 1.206372911016512361e+01 1.164016844184498112e+01 1.539348984914828655e+01 1.722611332846035737e+01 1.855754335531131005e+01
8.123091546170205235e-02 3.957385929542379444e+01 3.421939074681170467e+01 2.976070397346172314e+01 3.289677599123996998e+01 3.040478313535167842e+01 2.503174594139282405e+01 2.156053165743148270e+01 2.233200909755879593e+01 2.167748620813335592e+01 1.710433250359173840e+01 1.682297121052076960e+01 1.376397361452177925e+01 1.126298981711703284e+01 1.357638172937067189e+01 1.683380187314185150e+01 2.134744194836399700e+01 2.408242125505814002e+01 2.065537227966015621e+01 1.421392916652045812e+01 1.021429051846649116e+01 1.358584847259842832e+01 1.798574815982958341e+01 2.050952997217114415e+01 2.098742336274383291e+01 2.247835321399097097e+01 2.736838528625334277e+01 2.679836424658388339e+01 2.270356859502410174e+01 2.429633426718702438e+01 1.998544678655198936e+01 1.566521388623676359e+01 1.519231591338653864e+01 1.317438168845815305e+01 1.717034937037206532e+01 2.172741922394321890e+01 2.376349589644076588e+01
1.341851910302127538e-03 4.142565642538163218e+01 3.632937598104610544e+01 3.480888981568584484e+01 3.726127225754483163e+01 3.311755796429410736e+01 2.802508794245247259e+01 2.646103894761866115e+01 2.851035110512470183e+01 2.535654762748244195e+01 2.026076340703433587e+01 1.992826132602895939e+01 1.524718036280840749e+01 1.390153983718003161e+01 1.104099945967726626e+01 1.339453095952946882e+01 1.594763176236558522e+01 2.047117227229916026e+01 1.968615277501005778e+01 1.704903119192396588e+01 1.330370015750360224e+01 1.028970876701235504e+01 1.512244099696303579e+01 2.084616911257505834e+01 2.485389433845440266e+01 2.753439633339799997e+01 3.099236578507912299e+01 3.167968692918611140e+01 2.835240266580099444e+01 2.455235307216562646e+01 1.936883441189688426e+01 1.990818123894074887e+01 1.878891559566388025e+01 1.769084706828159881e+01 1.605161205586250617e+01 1.980638669081166370e+01 2.364081627677038000e+01
2.541032332596551008e-02 4.494658393364856153e+01 4.180845662602546042e+01 4.133551515040883828e+01 4.213595683964077665e+01 3.731035841353750016e+01 3.384424297642600266e+01 3.298482921268725931e+01 3.245575916745396228e+01 2.762990938214932157e+01 2.521699731899850860e+01 2.445579550470127828e+01 1.980039721779900219e+01 1.803136439659232693e+01 1.339642424295346324e+01 9.924029783963295159e+00 1.419609760288770062e+01 1.678915039822776833e+01 1.395474568844343288e+01 1.370314188567102498e+01 1.249417580904149894e+01 9.326198296218976225e+00 1.215417298196178564e+01 1.701061453883471586e+01 2.273730914869438280e+01 2.819489985180187119e+01 3.128589758446134184e+01 3.405335941667711808e+01 3.176914630305630283e+01 2.597931714353411081e+01 2.215147332377858191e+01 2.586184027735285440e+01 2.452330671951835583e+01 2.275119196549545464e+01 1.895375858538090696e+01 1.748756969408920980e+01 1.999542446419010133e+01
7.366858460645148154e-02 4.533666963477135425e+01 4.226575637029002053e+01 4.184617660408954265e+01 3.804652876934871131e+01 3.416868494833181558e+01 3.287994701126272190e+01 3.481469077218713437e+01 3.543756891988064694e+01 3.293629378500661176e+01 3.144337958487627560e+01 2.971214518810098326e+01 2.563451868952040513e+01 2.083637447383428665e+01 1.347510369767067040e+01 8.738056388946130681e+00 1.303788892716456083e+01 1.280000260654424338e+01 9.475800159584077065e+00 9.004414190736817147e+00 9.307249379949709578e+00 1.208893529956005786e+01 1.506473862047902301e+01 1.945415451896413117e+01 2.407417334235483608e+01 2.513839906295533311e+01 2.681993094790961862e+01 3.196451686727027663e+01 3.429173712332573842e+01 3.128117365670083316e+01 2.725967638506261181e+01 3.088243884585570953e+01 3.011364965775950253e+01 2.411644859113193107e+01 1.919332606655288131e+01 2.149444748383252701e+01 2.397458335121915596e+01
