final_code/thesis_FINALMODEL/topography/sample_reg_int_topo.txt
ncols 100
nrows 100
xllcorner 0.0
yllcorner 0.0
cellsize 10.0
[rows 68 to 84 of 100, columns 37 to 73 of 100]
2.928902907628210173e+01 3.001978071475016918e+01 3.521670423902672553e+01 3.778547618520060070e+01 3.507197133525879451e+01 3.388481881279966501e+01 3.421925360114647674e+01 3.514699062946502295e+01 3.110423546279845297e+01 2.657929232420450916e+01 2.377158020383759762e+01 1.944128748848960342e+01 1.584341449685717862e+01 2.006642232610055387e+01 2.568904376125724554e+01 2.620084646649593552e+01 2.305647313781319241e+01 2.032187521538367747e+01 2.325269742642975501e+01 2.830275840597062853e+01 3.421788414452989713e+01 3.459897670545233694e+01 3.062281047152070457e+01 2.904676679638463810e+01 3.331799971502298519e+01 3.875665389792471416e+01 4.520522764452169895e+01 4.752310928964969605e+01 4.191425065002144379e+01 3.673705186860602367e+01 3.787941761576109911e+01 4.041327675689334598e+01 3.818648538394714365e+01 3.853666508723296857e+01 3.874387606970773135e+01 3.517039373786042233e+01 3.146417171936191792e+01
3.419690439699545692e+01 3.512621967799830003e+01 3.722718352523612850e+01 3.920752534812920942e+01 3.603876797716361580e+01 3.358214174829291920e+01 3.389691730330081754e+01 3.109879186522445593e+01 2.632669147065971771e+01 2.149417958165363984e+01 1.975772771339048361e+01 1.704286386227538941e+01 1.923910237568484760e+01 1.998815597813895550e+01 2.413668394113746984e+01 2.934750746545512001e+01 2.766408270108342293e+01 2.340767268869844742e+01 2.626969347162288315e+01 2.905297899559434782e+01 3.531834196390545344e+01 3.986609943160153335e+01 3.695870045701488493e+01 3.231231181550506903e+01 3.491089651969492280e+01 4.063862713838852159e+01 4.371640205511998545e+01 4.129305280908982922e+01 3.774096658555451711e+01 3.545898015377937185e+01 3.219312734477074400e+01 3.643203528719332240e+01 3.711961184316848517e+01 3.335115584001319888e+01 3.254523338951465661e+01 2.956750687618924900e+01 2.925738185026409255e+01
3.285957628807062036e+01 3.894355550505446217e+01 4.181925864906180834e+01 3.783927285513853889e+01 3.159080609639839565e+01 2.788370798337125223e+01 2.778526649886833155e+01 2.485065302374056273e+01 2.382708902786778538e+01 1.988077551400969512e+01 1.717099404828173448e+01 2.037254892808095263e+01 2.397674886464448818e+01 2.493874569136015040e+01 2.577209200408186973e+01 3.072924261300188675e+01 3.206883808990414764e+01 2.920300713105561385e+01 2.776724392730681501e+01 3.173137018050509894e+01 3.650537723352593389e+01 4.247368940799624681e+01 4.197451958446387721e+01 3.813223781895251818e+01 4.062975245183915263e+01 4.312724147923233886e+01 4.133438882571550010e+01 3.541505073850317586e+01 3.227365908152498264e+01 3.236226023314853251e+01 2.863865559192949206e+01 3.339928845566686277e+01 3.735918126355238655e+01 3.244220806259969692e+01 2.715213242333039645e+01 2.544652688516868011e+01 2.624526772110998607e+01
3.473120792069904184e+01 4.079810777929257881e+01 4.373534457864876401e+01 3.849654879563939147e+01 3.255173520451839408e+01 2.683201497576326844e+01 2.282777490010367671e+01 2.047691762250105540e+01 2.010030954107199719e+01 1.719997363340980456e+01 1.916113311294262189e+01 2.337995563242265717e+01 2.678377875884870463e+01 3.003999809555085321e+01 3.063026037022267900e+01 3.309815544387775788e+01 3.763111207705090067e+01 3.579803423736030510e+01 3.259229394561059934e+01 3.370649673528171775e+01 3.984379256598503360e+01 4.607450790373486882e+01 4.726593908729846305e+01 4.490845436735592955e+01 4.513531762817724768e+01 4.290031102078592085e+01 4.065005104777326750e+01 3.384903367390184314e+01 2.859409340888979756e+01 2.801307571950241027e+01 2.520807873310695868e+01 2.823801257002291010e+01 3.230076952845843152e+01 2.964491765798122458e+01 2.633179498930689988e+01 2.906946297343787933e+01 3.007123321445090625e+01
4.108796048589893246e+01 4.444186032613205839e+01 4.668275869209602291e+01 4.333905106596954937e+01 3.719791702368517861e+01 3.092928504245806209e+01 2.488652096512160483e+01 2.206719362959418973e+01 1.884639593235475630e+01 1.956781275587582769e+01 1.743554942888857440e+01 2.035816271951987844e+01 2.263492335712066250e+01 2.769832479323986263e+01 3.046945900212279312e+01 3.382636403691257243e+01 3.623848422786645074e+01 3.876292595867764135e+01 3.878531655168757908e+01 3.919837734697328813e+01 4.352508518609875665e+01 4.750911762514488856e+01 5.044767724126540287e+01 4.807083947846673766e+01 4.316036810209762820e+01 3.786546723305797713e+01 3.548318501917616175e+01 3.090197018575361199e+01 2.733298351199018938e+01 2.427843462508678485e+01 2.342409118120965061e+01 2.472028648666786310e+01 2.792628161304178036e+01 2.646761461740113219e+01 2.973096446650008673e+01 3.289663554656640088e+01 3.633119470401662454e+01
4.523855883177231618e+01 4.549692538699355993e+01 4.381153186827868495e+01 4.372354005188048376e+01 3.826889330754247709e+01 3.248485823321345833e+01 2.817716053896067407e+01 2.365636971231765529e+01 2.255128136647238790e+01 2.362493073006552180e+01 2.041320799760456595e+01 1.765316690335266259e+01 2.031071858662728502e+01 2.310422615004541314e+01 2.435580300390794051e+01 2.800305835839981583e+01 3.014673329798739232e+01 3.565154938097055748e+01 4.033369929887352612e+01 4.465744303786546254e+01 4.486959538868707398e+01 4.296312877444676559e+01 4.658266068298236462e+01 4.545641798751091756e+01 3.927917956320475668e+01 3.515025099066266989e+01 3.011912794162912377e+01 2.772319936601195067e+01 2.397206209964974377e+01 2.706633538056469490e+01 2.890119521156811189e+01 2.872182806392721588e+01 2.616833199925989106e+01 2.836709205771338560e+01 3.318521505602269883e+01 3.761193078968072712e+01 3.812399200921755948e+01
3.997665902625117695e+01 4.066321899133907891e+01 3.753682099921839921e+01 4.088287014129609531e+01 4.129699301474566653e+01 3.675530083437968898e+01 3.099228027745898117e+01 2.875633261411989139e+01 2.793938766017561548e+01 2.527141414267077835e+01 2.146037229632054277e+01 1.921477201548886526e+01 1.710469376487568738e+01 1.813679928215074710e+01 1.990199561794958072e+01 2.314528654877940284e+01 2.643688621568764319e+01 3.154989744410880803e+01 3.804909903113360770e+01 4.404623279664445334e+01 4.112829700099247532e+01 3.789921001993056393e+01 4.245532944712697088e+01 4.373733212927556480e+01 3.792062034957194783e+01 3.247356523755804858e+01 2.807803489888603821e+01 2.476995448854876258e+01 2.255812362969284379e+01 2.722019807923676282e+01 3.294229883894165312e+01 3.318769561496370812e+01 2.941374873572683768e+01 2.628477762958971198e+01 3.123143885317146839e+01 3.505363856811944601e+01 3.296615307521951621e+01
3.643987810775455216e+01 3.620281996325895335e+01 3.226466138488536473e+01 3.703308209199670387e+01 4.135752408170031913e+01 3.916644245432634364e+01 3.416375127056952010e+01 3.002458890595201169e+01 2.639887496587701676e+01 2.194862881727667769e+01 1.759925376695936095e+01 1.722965057250249998e+01 2.050879722469605682e+01 2.235220054494119424e+01 2.421424776367406295e+01 2.830689829191091889e+01 3.180363175115886065e+01 3.613681906904335506e+01 4.111255953136674179e+01 4.440828321033656323e+01 3.888877541333602750e+01 3.404901997942254610e+01 3.843527010952622192e+01 4.377576873033404325e+01 4.184000456120213585e+01 3.778346773759808030e+01 3.357628219324848828e+01 2.824394061076078444e+01 2.384435017952911551e+01 2.708640317352902116e+01 3.178700919868087027e+01 3.528346459832197723e+01 3.160822597754903995e+01 2.679772155628052843e+01 2.964739054516373074e+01 3.093512685059189593e+01 2.896021416812623528e+01
3.207657135747323451e+01 3.106935761889647551e+01 2.782633361367228630e+01 3.156330804297217441e+01 3.435456871200020146e+01 3.434186923892618637e+01 3.015045499861823330e+01 2.506037772772704386e+01 2.204836867173893467e+01 1.851363715338501947e+01 1.967723836641400581e+01 2.119719855543556974e+01 2.439185720959272174e+01 2.911611857199853404e+01 3.071375515552444924e+01 3.305019859524249171e+01 3.451659200696693119e+01 3.837853357856131709e+01 4.296249729108917847e+01 4.103249824630916009e+01 3.481711782149956491e+01 3.101631231011301537e+01 3.629428736352222984e+01 4.248362314809804730e+01 4.473820283288541333e+01 4.120782037089936267e+01 3.687211298070148757e+01 3.061943565242588150e+01 2.679575918434088422e+01 2.353427226782013548e+01 2.741789724841785159e+01 3.366316577544461097e+01 3.441945598256854311e+01 3.031849276944667082e+01 2.701328403321162597e+01 2.677691233542533311e+01 3.015520310678228100e+01
2.828117614446537686e+01 2.643743887898031275e+01 2.504065968903931960e+01 2.741491054753445056e+01 2.729918213934767479e+01 2.823931850399613452e+01 2.393860678227840921e+01 2.203056606684026164e+01 1.933927607787902403e+01 2.018908066660743472e+01 1.755534666965158763e+01 2.152934486468493702e+01 2.787195359515144588e+01 3.274275710882818657e+01 3.106367844592202232e+01 2.855028886597969162e+01 2.891059371954214541e+01 3.317276015966123737e+01 3.819380268834120074e+01 3.558935797287752223e+01 3.012210737865843413e+01 2.870791190349068245e+01 3.343386258710594205e+01 4.007515750743414173e+01 4.243309331167533571e+01 3.753216975630348173e+01 3.500445680394938108e+01 3.104645942293883820e+01 2.669503419070800376e+01 2.342437850722524928e+01 2.737357500955133816e+01 3.420316862902771504e+01 3.717916500249668132e+01 3.295604499939140197e+01 3.073368520308274299e+01 2.827605996234530750e+01 3.172933916060913617e+01
3.269543808229221327e+01 3.105722213204256121e+01 2.771805859858759291e+01 2.397781698517180615e+01 2.255495239958505849e+01 2.360572143101260423e+01 2.008493430242737077e+01 1.949298202151910075e+01 2.252240284378066804e+01 2.242380197577951151e+01 1.833211272431230299e+01 2.169400009180208500e+01 2.646148697925021054e+01 2.885272199455962649e+01 2.701829613913528760e+01 2.240648271353538945e+01 2.413667804392692773e+01 2.760526538044552325e+01 3.231543645673964704e+01 3.071907042670162369e+01 2.633372821141495379e+01 3.015752265864302117e+01 3.636678195234730993e+01 4.175907042997439333e+01 4.265842588103328126e+01 3.614509008469411100e+01 3.056852460416485329e+01 2.731870178316145470e+01 2.323777344454627425e+01 2.683553201297878132e+01 3.168930234286406744e+01 3.697224763634208955e+01 4.094437406110399280e+01 3.863040623880328184e+01 3.483426972772505081e+01 3.256722311134450365e+01 3.093726841204672695e+01
3.912544626127763792e+01 3.509496429974750953e+01 2.960157411407872985e+01 2.727715414710717567e+01 2.440727848701579461e+01 2.199319267281855872e+01 2.332564658761153709e+01 2.357972701075057387e+01 2.740187296057004218e+01 2.621222556985989627e+01 2.181328081600464230e+01 1.924335479498592250e+01 2.184246060666620082e+01 2.225109993240116779e+01 2.229849695537926380e+01 1.952821711733377441e+01 2.191437008877136350e+01 2.260636898416056795e+01 2.721817940998358409e+01 2.638721777347640085e+01 2.440565458033112733e+01 2.860883597838589765e+01 3.470730537192476817e+01 4.076655651790987633e+01 4.036425376687097355e+01 3.378233873827352340e+01 2.938869903169070952e+01 2.439393812763650971e+01 2.183257226627441838e+01 2.731516772256096104e+01 3.209127200300687832e+01 3.602461005837444930e+01 4.206182071945586642e+01 4.363736399070307925e+01 4.099780356159728001e+01 3.667720818382640857e+01 3.416223759036348184e+01
4.321227574479971878e+01 3.677626381683244006e+01 3.193760437708704103e+01 2.723755945435262049e+01 2.373668964132581749e+01 2.561932480900617293e+01 2.628433278521155003e+01 2.956702384198944955e+01 3.229669614788556942e+01 2.849898567824141793e+01 2.332659364670931268e+01 2.144513157629176447e+01 1.762559868390408724e+01 1.764553937171903897e+01 1.848948247993981653e+01 2.165674592945957144e+01 1.947901251986914417e+01 1.934728045646680528e+01 2.275842498663566005e+01 2.256243246472323349e+01 2.663184327221798853e+01 3.166177609088998324e+01 3.586687241875808496e+01 4.014291553392735779e+01 3.946513821941537259e+01 3.237095835121226628e+01 2.671384394934072404e+01 2.472701006175829974e+01 2.226301085838286298e+01 2.617137807351166501e+01 2.857885214488331371e+01 3.391793708722418188e+01 4.007157153153156059e+01 4.410165332720196574e+01 4.567253957918310903e+01 4.264520834356779488e+01 3.731837974154843351e+01
3.974279370139827705e+01 3.483103405672998321e+01 2.947836634162242575e+01 2.546744892687503281e+01 2.734508551205204441e+01 3.107210358967302710e+01 3.187809877469099717e+01 3.417861517149805195e+01 3.543614955851410286e+01 3.035002290825070759e+01 2.747803991078679431e+01 2.375557600861669627e+01 1.865692014381444608e+01 2.147987499262962530e+01 2.196473709864518042e+01 2.637117459819929621e+01 2.495025410147287559e+01 2.294654651208220031e+01 2.056045882192891483e+01 2.311112558829866259e+01 2.737091529884095564e+01 2.960944076646154599e+01 3.177979420011391198e+01 3.748036738821171809e+01 4.031373637271251198e+01 3.309949462771177764e+01 2.611855985208773490e+01 2.200810338753952067e+01 2.487038113667487593e+01 2.539447345056887428e+01 2.897011884090094114e+01 3.177914821493455833e+01 3.596114089614437859e+01 4.104390197578196364e+01 4.696961575447056703e+01 4.724625736783809060e+01 4.078084553235763821e+01
3.292449683430405116e+01 3.043431149842343331e+01 2.685086371888705514e+01 2.821904596392965914e+01 3.039500510405154188e+01 3.601065096234471952e+01 3.908699538229283377e+01 4.043615970732880527e+01 3.889500684587443402e+01 3.315354750236740955e+01 2.860357799449253591e+01 2.429477145515499004e+01 2.055898257781968752e+01 2.418730853128633740e+01 2.690351815517443157e+01 3.168871748387006448e+01 3.103134201729147890e+01 2.586498157951147547e+01 2.306438287658014019e+01 2.090588848189170790e+01 2.370238586149659454e+01 2.497223178641208108e+01 2.952705104968380567e+01 3.494582882799051760e+01 3.585709782374980392e+01 3.068867547558083686e+01 2.627845092170709052e+01 2.157164449313427212e+01 2.586912632430465919e+01 2.885263771983216685e+01 3.024336688964466191e+01 3.482169799453214409e+01 3.973308257577126312e+01 4.234103134336656638e+01 4.780115748182361557e+01 4.796738606258954007e+01 4.266822888360685795e+01
2.911241674056891071e+01 2.768013516758566084e+01 2.913532076243478386e+01 3.092244361619280824e+01 3.556907194433665609e+01 4.077158189498585017e+01 4.409779148727800901e+01 4.113436762551617676e+01 3.693906408436563282e+01 3.051982196863973940e+01 2.465011330464319883e+01 2.172888689190082090e+01 2.405328897800877641e+01 2.534685500658999402e+01 3.011263453569434745e+01 3.655929252935027307e+01 3.533359551174518742e+01 2.957355678778826302e+01 2.480767323797876145e+01 2.364892847899960060e+01 2.104986161073188811e+01 2.319002900922911792e+01 2.491131067229903806e+01 2.971256268781899124e+01 3.151406243678108510e+01 2.680847047237023517e+01 2.474360447743163505e+01 2.173667992593856724e+01 2.529778716168630481e+01 3.084362086687668025e+01 3.472554798804826959e+01 3.705043659295632352e+01 4.260367405479559721e+01 4.658781820050073463e+01 5.054968929518017262e+01 5.124978338098765107e+01 4.822926730877000523e+01
3.306755253708380593e+01 3.121996593962240141e+01 3.015032388609216696e+01 3.382614659318522143e+01 3.835888385309534954e+01 4.428379036335889651e+01 4.355258625606025902e+01 3.769284039468938374e+01 3.252582890264295656e+01 2.824996884426092691e+01 2.617597946392210417e+01 2.329895354322665213e+01 2.718063928706548893e+01 2.975832511392207991e+01 3.154596890031479361e+01 3.648689376960312813e+01 3.663427296280096357e+01 3.153853104262308449e+01 2.948195619413672119e+01 2.723544589342452937e+01 2.315606715789049375e+01 2.043667891887093191e+01 2.100729689958546942e+01 2.522134435403418706e+01 2.819282542662218560e+01 2.493623685837567905e+01 2.172469914892538512e+01 2.528404907039150373e+01 2.954780676787189719e+01 3.292802047506499719e+01 3.870539204580008885e+01 4.168846285200502422e+01 4.442245182624630218e+01 4.520538167904058469e+01 4.867428315261955163e+01 5.244220436676667418e+01 5.373803302071141275e+01
