final_code/thesis_FINALMODEL/topography/sample_reg_int_topo.txt
ncols 100
nrows 100
xllcorner 0.0
yllcorner 0.0
cellsize 10.0
[rows 0 to 16 of 100, columns 0 to 36 of 100]
6.147943445098935644e-02 9.003587711785544095e-03 9.155325090850993663e-02 3.464707689979261429e-02 9.696255694517263990e-02 9.041495029013134344e-02 9.501578900137219730e-02 4.620798609393002299e-02 5.547763620735414458e-02 4.759644963420639474e-02 2.847722841705558824e-02 3.202701489805055701e-02 5.874947458746070106e-02 6.610446380591608606e-02 9.746518870775499471e-03 8.662028595599464975e-02 6.190950601674904963e-03 8.933500689237817982e-02 8.158129085519966184e-02 7.866794399931075973e-03 2.105009927126838543e-02 1.593940230617267931e-02 8.485040952258866842e-02 1.871593942354991130e-02 4.078149849779792030e-02 2.889840911504869617e-02 8.859870730397186034e-02 4.462569859502764358e-02 1.207850706852712196e-02 5.914272673609377411e-03 7.036654025414022795e-02 8.556777789876293672e-02 9.067421152973674514e-02 2.363383826020093621e-03 4.971077566006243398e-02 1.553331552550223441e-02 9.175333707390634363e-02
9.094181860252252558e-02 7.539765075728945476e+01 7.205060617042093440e+01 7.102389377569690510e+01 7.353515841758274973e+01 7.250500487876794864e+01 6.905122482915619742e+01 6.830116483181093656e+01 6.958076296780700432e+01 7.253063474883957440e+01 7.116727275374913120e+01 6.847616433795052160e+01 7.124884035622818601e+01 7.547267341515865269e+01 7.586250034484820048e+01 7.319344527599986350e+01 7.431027619021415376e+01 7.841372890928752781e+01 8.161451244164288710e+01 7.929050324879511891e+01 7.909177966496189072e+01 7.655687074043761697e+01 7.549863140486492341e+01 7.197919838649684721e+01 6.790189851114162423e+01 6.464893763475997446e+01 6.486779341301969737e+01 6.737434598938128261e+01 7.296671906231782145e+01 7.070050151775544123e+01 6.690658346161382042e+01 6.607535840244514702e+01 6.728962608212609098e+01 7.076017693760178418e+01 7.388934121807623967e+01 7.172435741720198621e+01 6.806709106192252534e+01
1.926270890541821254e-02 7.199030690035830560e+01 6.673196456939679422e+01 6.488538442835914566e+01 6.891460629907257385e+01 6.899149232674527354e+01 6.379596154459500212e+01 6.165885068701893346e+01 6.303360600630495014e+01 6.757978146333951486e+01 6.658663751818497190e+01 6.234634404899507132e+01 6.532355343790712254e+01 7.096050018963768480e+01 7.106549977884982638e+01 6.704272327539298715e+01 6.902981146601736384e+01 7.510505537358986317e+01 7.818613303492996636e+01 7.372953993552368956e+01 7.241222186699418728e+01 7.015652519336569526e+01 6.871689167449174818e+01 6.555475774101803665e+01 6.112809815861065488e+01 5.806402333771205804e+01 5.977579126439606227e+01 6.491527699126635298e+01 6.998506200964118307e+01 6.725121571930749553e+01 6.150675270466033595e+01 5.923567733000490421e+01 6.038171497042672087e+01 6.415980059991704820e+01 6.809385044048910629e+01 6.756686158730144598e+01 6.249713032551579062e+01
7.253231617442403023e-02 7.023589531334995684e+01 6.477651351079870778e+01 6.031801063587987244e+01 6.448469922633151441e+01 6.729618606772025657e+01 6.274751078424339568e+01 5.735335415294443351e+01 5.729465572640376791e+01 6.170573579730354652e+01 6.157219615085753617e+01 5.741263607093748789e+01 6.090144978274199161e+01 6.672368691975309218e+01 6.641307381098161500e+01 6.252698219790721623e+01 6.719695436518391318e+01 7.350173749030126658e+01 7.641756851405877171e+01 7.100835948070188408e+01 6.720642878028218092e+01 6.587603936363805701e+01 6.249248583555585412e+01 6.194892828505295768e+01 5.660294980202989024e+01 5.353956142536083007e+01 5.756156233580597359e+01 6.010335055173786856e+01 6.437706855821177498e+01 6.412525000259239505e+01 5.938243430936163492e+01 5.406723216417763922e+01 5.501059332116286527e+01 5.878412120303980970e+01 6.180385368070647445e+01 6.361403911011949219e+01 5.971641823403224691e+01
8.678489253892789079e-02 6.768655503940033213e+01 6.154823195185435480e+01 5.698586951719908456e+01 5.828137844269834034e+01 6.269035073194180541e+01 6.292555422641763840e+01 5.709410560226745446e+01 5.293302396103037921e+01 5.660408509811921363e+01 5.602804608399326014e+01 5.487552427145996603e+01 5.982911667991294280e+01 6.327050455596152290e+01 6.137766198513801186e+01 5.969636828225716840e+01 6.422306081296358116e+01 6.999315755488953528e+01 7.115538998059078324e+01 6.926069956734234268e+01 6.667037403043980248e+01 6.215790112857362715e+01 5.910827058410283996e+01 5.928937502991460207e+01 5.547401383782089113e+01 5.150391849101216479e+01 5.344179726921610296e+01 5.448955466434598804e+01 5.732860784099020179e+01 5.733650492427845791e+01 5.597830366789521150e+01 5.129250886082195393e+01 5.190849378735236996e+01 5.370797385556983272e+01 5.797501911114249395e+01 5.775545776986954394e+01 5.381911897862142524e+01
6.390016851231812567e-02 6.939155844179629185e+01 6.376047597228246389e+01 5.777293596128584596e+01 5.403132179592384432e+01 5.834989659168397935e+01 5.975593949298419005e+01 5.442855538964214190e+01 5.028017317865277391e+01 5.153567961679419795e+01 5.156703296036312878e+01 5.574229971855613286e+01 5.944317913369624051e+01 5.828939163218147002e+01 5.724700489288294847e+01 6.148686981596316770e+01 6.656248938420787908e+01 6.775138953576077938e+01 6.436624451647604417e+01 6.314762790154651384e+01 6.565123719106736644e+01 6.504772976667426576e+01 6.115317134031892721e+01 5.628541758645644677e+01 5.379664582987781785e+01 5.276952177340854888e+01 4.996947615962654510e+01 5.079487597820959621e+01 5.036701481878812103e+01 5.156292779347596422e+01 5.317327175598128264e+01 5.105031166463841430e+01 4.794018167580168210e+01 5.207176846931763947e+01 5.429425533783464175e+01 5.174214657103377846e+01 5.004969147859084444e+01
5.128708705358255709e-02 6.745026968982358540e+01 6.147798886252825667e+01 5.551601195676299483e+01 5.182319234124813789e+01 5.419059413885806720e+01 5.674287928972214701e+01 5.483049755283282423e+01 5.125796906861202018e+01 4.765228188759589756e+01 5.166270532773555857e+01 5.628672111088746988e+01 5.524405867761993250e+01 5.420237098644813045e+01 5.859946059752751069e+01 6.371690683747524275e+01 6.551626346905730713e+01 6.415119260457176154e+01 5.904082697261102908e+01 5.696295081979179997e+01 6.010305426896338332e+01 6.334366805070265372e+01 6.380108010888338299e+01 6.047744711018843589e+01 5.891301877929201680e+01 5.551347704552333084e+01 5.202330649935974094e+01 4.726270570448755137e+01 4.589164545307975374e+01 4.770524623956347909e+01 4.709691932578867579e+01 4.698222435505429218e+01 4.547613535213255886e+01 4.999031150951226721e+01 5.018267887829232166e+01 4.647288259298856872e+01 4.993426322085709046e+01
8.815814286208836781e-02 6.622151388307877085e+01 6.326261254783885590e+01 5.917792840633105556e+01 5.430888926304810127e+01 5.030117614037504836e+01 5.096371625858206755e+01 4.930628608005412161e+01 4.921833647831982006e+01 4.527133443146986735e+01 4.941379233429220363e+01 5.174007838380681790e+01 5.129676952142330038e+01 5.548343663619810684e+01 6.119719984274343716e+01 6.291877543271219508e+01 6.004203231415716857e+01 5.989757464651388119e+01 5.767351980834284575e+01 5.314143646362322215e+01 5.343923488390752397e+01 5.873794531150265641e+01 6.388337483969609565e+01 6.578511114730322618e+01 6.533480192354019778e+01 6.176782315525156264e+01 5.624344143012021391e+01 5.021494041694022314e+01 4.759217509573905147e+01 4.429749101894000773e+01 4.246828373676731871e+01 4.182763977356231777e+01 4.434019692227088427e+01 4.783359280984299744e+01 4.631516780782693843e+01 4.403619662988651839e+01 4.715544719627028059e+01
5.278409358236159366e-02 6.010559278526457661e+01 5.848079320113765078e+01 5.766543346559703309e+01 5.638458025550963271e+01 5.178147184731911068e+01 4.689439631906531503e+01 4.474736033080009179e+01 4.598695401934282501e+01 4.356990231573927019e+01 4.559936399313242106e+01 4.823509048285919221e+01 5.285194493282816097e+01 5.738505026057209335e+01 6.275401899316068466e+01 6.057331419727834287e+01 5.498131577458509867e+01 5.365012075031058458e+01 5.555056006906031030e+01 5.264101994392535033e+01 4.902490985194758366e+01 5.321880352671215064e+01 5.950094168129240302e+01 6.412756051491442122e+01 6.777110864045442895e+01 6.567977357294094531e+01 5.852062050465156062e+01 5.285959794430215908e+01 4.869361972445411624e+01 4.839846738412924765e+01 4.576864013875379555e+01 4.099853967872863336e+01 4.038289554909395918e+01 4.299740239766435934e+01 4.263844987324350200e+01 4.693180880075476580e+01 5.194837468540264780e+01
9.681471340935822456e-02 5.733802887106103441e+01 5.244835887535323593e+01 5.147336239822922721e+01 5.408884172429322490e+01 5.340746770646782693e+01 4.913261787854463591e+01 4.529289259253022237e+01 4.347044978706184537e+01 4.650311030943066726e+01 5.078076037746414784e+01 5.314221975447559743e+01 5.619420567060963378e+01 6.004558985110237046e+01 6.279451942675008524e+01 5.943526667494301563e+01 5.391445682560711106e+01 4.920132205140190251e+01 4.933197744398029272e+01 4.855933886002863886e+01 4.654005287438474170e+01 4.961554634526616070e+01 5.443577409117106214e+01 5.989139757189302316e+01 6.566421201692864429e+01 6.485512521143614606e+01 5.802902063588046389e+01 5.364130731399701801e+01 5.327755168115533024e+01 5.273041312037803152e+01 4.891874113953874570e+01 4.456367570222681707e+01 4.144700305551096164e+01 4.001332828816367027e+01 4.406620495344115085e+01 5.019456065748143203e+01 5.487902269490727036e+01
6.462590325002691427e-02 5.705198992388008605e+01 5.088390174828188606e+01 4.703773738991968401e+01 4.811498590954387566e+01 4.874414261513963709e+01 4.546170535843339877e+01 4.278508403084525469e+01 4.581808353278977108e+01 5.182045113876439046e+01 5.660368089362525978e+01 5.668780351135985995e+01 5.465603527062683042e+01 5.493445509134802762e+01 5.806435549754652925e+01 5.450986027436233883e+01 5.175633832020525915e+01 4.819792494014804873e+01 4.356434122758687266e+01 4.407045755265490783e+01 4.775704436221020899e+01 5.232151421777163591e+01 5.642858046239343395e+01 6.110123029413322371e+01 6.606902788803039073e+01 6.545065277351199029e+01 6.020074405382874971e+01 5.876956282900491857e+01 5.678626465033986648e+01 5.131149097218772681e+01 4.577782636260080551e+01 4.134544541708409326e+01 3.860796885917930865e+01 4.035547039290988636e+01 4.405501451351516806e+01 5.036476356008887478e+01 5.170430736493808155e+01
4.507220163753934694e-02 5.955400329489847167e+01 5.400060687223498945e+01 4.795842590209935707e+01 4.340386282807857299e+01 4.329547689728822490e+01 4.169403675384820929e+01 4.519509409118750654e+01 5.020667191236595528e+01 5.561455570825516759e+01 5.681838084403365485e+01 5.298188533435491365e+01 4.847174953657290786e+01 4.971733726871889303e+01 5.419768052304358008e+01 5.193716427722223727e+01 4.726633915265038866e+01 4.501463145046532333e+01 4.088095213803013905e+01 4.417291023076775502e+01 4.556027615768620365e+01 4.893355783664399894e+01 5.297450236145783720e+01 5.805336554622314083e+01 6.399318117158745878e+01 6.740718001032702489e+01 6.577963007138221485e+01 6.481779936630145755e+01 5.887269558607142983e+01 5.398751971991164567e+01 4.985631733874715366e+01 4.581061158851839110e+01 4.101923336579422141e+01 3.751446557630981715e+01 4.231028032654354121e+01 4.789746015662695555e+01 4.783807445901416600e+01
9.201679224510695559e-03 5.815316412809769275e+01 5.193677341540982439e+01 4.792614720415247120e+01 4.300536131397135620e+01 3.935242340591678101e+01 4.274102488264165345e+01 4.603177466486893366e+01 5.014677202585059490e+01 5.391734641578373299e+01 5.349505832809015970e+01 4.769677702465430258e+01 4.378980552648060609e+01 4.828798345009873572e+01 5.157134529824041635e+01 4.879448444448077282e+01 4.546788527686945258e+01 4.040927571214489689e+01 3.923674889950414268e+01 4.226424172526233747e+01 4.730488121583443473e+01 5.305672355331171985e+01 5.755634357512496990e+01 6.065778547507056828e+01 6.205032776454682875e+01 6.556536646092251885e+01 6.731596072414104981e+01 6.411115888273494079e+01 5.828102995819009635e+01 5.194681844334002108e+01 4.965471999291818861e+01 4.707417504289634991e+01 4.113029596149171141e+01 3.662354763300201910e+01 3.946094942235226455e+01 4.220324368808998372e+01 4.347420627464152432e+01
3.275978094226295045e-02 5.616805296537203418e+01 4.942011133557605262e+01 4.419642301544871543e+01 4.009598670496109207e+01 3.733203699282055510e+01 4.036549941264406272e+01 4.047223882643298509e+01 4.390222298242809984e+01 4.784817499315179390e+01 5.017731855141635577e+01 4.586549279793827338e+01 4.095265342201587089e+01 4.567688520981237588e+01 4.752958411064636124e+01 4.312187953565781129e+01 4.131170397321038479e+01 3.902736357252253896e+01 4.256166907575707370e+01 4.659486173387633556e+01 4.886293383878228269e+01 5.388451018670981796e+01 5.957460142464729103e+01 5.926974615955732162e+01 5.632270613501153633e+01 6.071640706553225897e+01 6.395108174920734712e+01 5.975188388059366673e+01 5.662782712378763961e+01 5.078853584513332464e+01 4.635234390723485376e+01 4.596306398898340007e+01 4.355444873264389116e+01 3.889492555494359749e+01 3.629888080020126040e+01 3.822619295498241598e+01 3.834425866102431257e+01
1.604474431627017639e-02 5.717804731145853481e+01 5.109948859599434456e+01 4.762818659570962154e+01 4.312758517154946958e+01 3.845030586334698341e+01 3.703572761272944547e+01 3.664521409164586174e+01 3.969423667470412198e+01 4.187345360640215119e+01 4.609199339114076110e+01 4.340938100503333175e+01 3.844787539193507087e+01 4.298601879284450433e+01 4.386213280728571817e+01 4.003873139279831861e+01 3.811360760706423889e+01 4.157187562605342634e+01 4.474754052011208216e+01 5.037432857901944772e+01 5.352380220441710890e+01 5.585940241456459177e+01 5.910884511812089670e+01 5.600220263731894477e+01 5.125186137432539368e+01 5.627812841987795167e+01 6.153875544230660921e+01 5.894826261637552989e+01 5.356041562077896145e+01 4.951086559390053310e+01 4.705656236280729132e+01 4.268347464466823027e+01 4.131858817782535453e+01 3.797956367236557895e+01 3.811525051068395697e+01 3.482046601869772928e+01 3.392003411589936235e+01
9.888620230072357742e-02 6.019075080041145753e+01 5.414982207353009613e+01 4.743654391296891504e+01 4.378256455642828371e+01 4.402115540810770966e+01 4.202541715578864512e+01 3.929517753851765605e+01 3.676712526878176135e+01 3.913500300719889680e+01 4.253161780126738023e+01 4.068439356173423960e+01 3.604357850412515063e+01 4.036272061361068353e+01 3.999384694213433278e+01 3.601850880178081837e+01 3.973088911822805613e+01 4.538209715143778311e+01 4.974344064284922950e+01 5.371552410135883093e+01 5.408174996007875279e+01 5.134277382856667771e+01 5.461228394212212578e+01 5.226955982685219482e+01 4.715977424170704069e+01 5.152606972653123307e+01 5.846947054763983687e+01 6.087429384671906973e+01 5.796710834846962257e+01 5.421071039676543535e+01 5.004446669574615925e+01 4.403009291186477014e+01 4.060749538648574486e+01 4.224886701368835418e+01 4.272541849706302486e+01 3.911353676550086078e+01 3.611215144983679437e+01
1.635745299181923240e-03 6.059518302253275124e+01 5.381161922897316430e+01 4.852759289915798746e+01 4.915864563556673517e+01 5.010975586140339288e+01 4.551216441971668303e+01 4.068344925143284740e+01 3.888749003181172981e+01 3.590205915466339093e+01 3.783409163222959393e+01 3.690088982375449689e+01 3.360361404794196005e+01 3.785392714525792002e+01 3.706118974368445862e+01 3.484609880469064080e+01 3.949455667823720262e+01 4.586846130357119478e+01 5.052286515420053092e+01 5.397271361816102342e+01 5.137873781720194444e+01 4.662719478013396213e+01 5.047221113632694056e+01 4.899140982916196663e+01 4.394747235850235256e+01 4.786036764143458555e+01 5.490030379028478080e+01 6.030483603091170863e+01 5.953772864977507595e+01 5.476506192830603936e+01 4.859899403166654253e+01 4.392658343178730718e+01 4.496322983117806871e+01 4.756763035046382271e+01 4.643486366261726772e+01 4.077002992948723659e+01 3.663622311008643351e+01
