final_code/thesis_FINALMODEL/topography/sample_increasing_int_topo.txt
ncols 100
nrows 100
xllcorner 0.0
yllcorner 0.0
cellsize 10.0
[rows 51 to 67 of 100, columns 0 to 36 of 100]
4.790414149675031874e-02 4.506160147067065935e+01 4.104903821666506758e+01 3.652996286136126969e+01 3.058290211898363964e+01 2.725475621115964486e+01 2.346074908249448754e+01 2.444627303779159533e+01 2.710854871886486706e+01 3.253547329777663322e+01 3.245436716160764234e+01 2.771786562161445744e+01 2.898527515989885828e+01 3.021080750171082840e+01 3.570728132340622096e+01 3.813181169749542221e+01 3.377580493314027876e+01 2.830576446328685591e+01 2.167044303018430540e+01 1.807183516458452388e+01 1.611561948214625417e+01 1.977267715594478759e+01 2.535762159950269634e+01 2.943286221659612423e+01 3.376075265875410025e+01 3.787015704108996772e+01 3.805460772348140353e+01 4.138136897689714289e+01 4.413108047074305063e+01 4.190085549238833806e+01 3.566513738509733855e+01 3.245610716234099868e+01 3.476360844305708042e+01 2.966447235645748037e+01 2.480566834397788512e+01 2.602511982716475103e+01 2.781951896903436960e+01
2.990212595082230099e-02 4.822709912027887214e+01 4.422456648375021615e+01 3.996997198000141083e+01 3.605911949385996706e+01 3.165572448282305729e+01 2.586521966586769139e+01 2.172162427123424422e+01 2.400378623086901086e+01 2.804993517787042379e+01 2.902735192481106807e+01 2.540383724353441508e+01 2.422263727465425376e+01 2.845795534637259649e+01 3.408400238286715478e+01 3.540810369249539491e+01 3.004770451018429256e+01 2.434277738478724729e+01 1.980860093220705664e+01 1.581227477945363802e+01 1.751156102024442873e+01 1.990701400539535015e+01 2.121507011412675681e+01 2.501692832016063051e+01 3.024161247492254745e+01 3.580026622679167758e+01 3.731367269764202632e+01 4.018455041635910874e+01 3.914678511302793851e+01 3.607232479731010955e+01 3.055342124033066753e+01 2.785357084315188203e+01 3.238692693973486314e+01 3.168874286091176629e+01 2.613503011232033657e+01 2.158691735053718830e+01 2.239794802421453568e+01
3.676239949994595385e-02 4.575247535430919754e+01 4.038923332478071870e+01 3.894035816742651690e+01 3.972663469004147885e+01 3.512597399359404449e+01 2.867192231039460282e+01 2.331936929129971503e+01 2.043665813154399302e+01 2.281550039175731115e+01 2.446911953434145914e+01 2.091480143226222310e+01 2.191946973174080426e+01 2.489129485989575130e+01 3.087362715035242999e+01 3.293289165011534436e+01 3.028778569632999407e+01 2.389678508023396120e+01 1.840751681024920927e+01 1.682365833160729451e+01 1.501903878381538604e+01 1.720450755642916718e+01 2.201511438711689195e+01 2.833081738436450436e+01 3.306834341867791238e+01 3.456911079034884438e+01 3.200377549587951620e+01 3.586476182641058585e+01 3.659249557349438220e+01 3.151786678018430976e+01 2.622887828045411851e+01 2.423470493698258821e+01 2.936421590245697288e+01 3.171196508233456512e+01 2.825827276455217429e+01 2.239610268444790009e+01 1.792288299364568260e+01
4.104878240991868127e-02 4.470078108716382559e+01 3.843666865136466981e+01 3.430840136527212536e+01 3.483877115455424445e+01 3.651677766249277113e+01 3.411051108831167511e+01 2.857360877486159012e+01 2.288786888413683940e+01 1.914067830702240514e+01 2.030268625141090411e+01 1.902181705133468981e+01 1.840220524940391300e+01 2.322582280951861122e+01 2.778126815093774127e+01 2.706298410842649105e+01 2.460647732756175543e+01 2.070293638600493225e+01 1.752244480825716977e+01 1.523256417662473083e+01 1.831707477578067511e+01 2.150677183461267106e+01 2.310748313525849795e+01 2.799766296561300294e+01 3.303944490438267678e+01 3.154358003310542458e+01 2.711586329015621288e+01 3.201429181748893171e+01 3.682613290670613537e+01 3.432589246727089005e+01 2.755101642802004136e+01 2.258173094248348889e+01 2.444246575832372059e+01 2.643506639665141478e+01 2.648832691568991393e+01 2.238509609581087290e+01 1.782212620710223661e+01
3.260608231146373825e-02 4.335959323249336705e+01 3.836706453599637712e+01 3.326579267777579929e+01 2.966050763799274392e+01 3.354576385069607625e+01 3.662510311152808384e+01 3.224790039424423327e+01 2.574569367575913503e+01 2.132282477358361561e+01 1.695863038206314855e+01 1.549054858838857029e+01 1.777614759148258727e+01 2.170709839450246292e+01 2.206369069774174108e+01 2.322077132646740338e+01 1.918162533760089161e+01 1.738641951755112913e+01 1.501157969617248611e+01 1.786021192628820486e+01 2.115616940452230210e+01 2.647559830520523505e+01 2.846458073467131200e+01 3.037448589325178716e+01 3.075349314291376501e+01 2.808600991383310941e+01 2.303023858428909421e+01 2.726505173169280738e+01 3.380449665145459903e+01 3.455357119063432947e+01 2.824862156999137142e+01 2.342539212977494145e+01 1.976974384935119744e+01 2.278551468889266118e+01 2.107029333432798879e+01 1.821088615546886302e+01 1.524652692830697376e+01
2.639830978664934463e-02 4.078517712020154562e+01 3.494361333949761672e+01 2.980941286751464148e+01 2.631934034779842335e+01 2.802551102430207663e+01 3.278980355691786031e+01 3.413418530394591244e+01 2.990923254525585762e+01 2.514032274325949956e+01 2.119922344192301722e+01 1.765349681055903375e+01 1.429955005967164894e+01 1.782255283767391063e+01 1.672233960818584819e+01 1.977576242242320959e+01 1.713227965645079820e+01 1.477239078808988282e+01 1.740632336701069605e+01 2.063038971480750305e+01 2.628457495427758772e+01 3.043524268088819440e+01 3.183794666175337085e+01 2.748208194340323018e+01 2.467313620759844994e+01 2.383824945699250364e+01 1.962191017869750453e+01 2.368990808211902177e+01 3.059743572975678916e+01 3.579197595437070589e+01 2.967961005951772790e+01 2.266230209073780699e+01 1.798628535715427290e+01 1.932998769445229925e+01 1.821504000922806554e+01 1.431570111767469911e+01 1.739927093265252722e+01
4.785076139670936535e-02 4.303827710449094468e+01 3.865201871758138452e+01 3.379693683724990194e+01 2.788409591880420635e+01 2.407695541640487136e+01 2.899537976218453750e+01 3.124839672805921253e+01 2.632266233141058365e+01 2.441830655484166357e+01 2.284481459167949424e+01 1.751016658641684742e+01 1.315997331401607440e+01 1.501994060045243451e+01 1.323031196243177909e+01 1.572747805294714141e+01 1.436598966682559464e+01 1.756978667773197955e+01 1.996810284866026208e+01 2.521036961310230140e+01 2.953224859282756398e+01 2.999322875802353749e+01 2.824624623804423251e+01 2.525076396441257387e+01 2.005866779437986480e+01 1.888287965928066825e+01 1.752887539979655074e+01 2.218342315805436726e+01 2.679841438792273323e+01 3.089363282896638196e+01 3.070298261253666183e+01 2.461578016966100080e+01 2.041740381536054372e+01 1.634805328548061354e+01 1.627418681508277842e+01 1.396297796225971233e+01 1.925263206179554487e+01
5.915147824110337377e-02 4.262392764984976168e+01 3.846417038897178031e+01 3.347440235432127764e+01 2.623094276174544603e+01 2.166656400388595927e+01 2.646614909467496446e+01 2.967632858898948101e+01 2.446516184552781326e+01 2.010222305667883091e+01 1.979553934962281403e+01 1.871335602881857341e+01 1.498926294870639531e+01 1.311222626955570725e+01 1.541897672582884304e+01 1.388492446673543768e+01 1.718698813713141504e+01 2.212563531002850326e+01 2.566818540812263194e+01 2.857537842256183325e+01 2.869649710766861261e+01 2.415207706310073377e+01 2.186127617046648197e+01 2.358594423727028300e+01 1.907130503170658642e+01 1.457936048907748727e+01 1.752381464959372437e+01 1.925089629519049339e+01 2.144021031865230498e+01 2.678531394719480829e+01 2.942364384963948964e+01 2.611103791241797012e+01 2.362353284253866192e+01 1.876416779073473506e+01 1.463063355294847057e+01 1.627875906579997434e+01 2.076663966956747842e+01
9.009667908228130573e-02 3.926886263354975881e+01 3.374497859770927022e+01 3.094693859643507849e+01 2.513216912002287984e+01 2.046329022348311000e+01 2.295659003061636483e+01 2.614543950283083618e+01 2.478860339984388972e+01 1.930167495387633636e+01 1.525317716205490370e+01 1.495236075768656647e+01 1.295825401303861213e+01 1.646913948782747639e+01 1.991412924911960047e+01 1.787012192804086652e+01 1.946893755956156014e+01 2.514629250783653802e+01 3.015937299822913076e+01 2.831314755778047854e+01 2.542625510912029085e+01 1.939121396835130184e+01 1.621866168298999256e+01 2.002096399731304999e+01 1.712328861343689468e+01 1.188012049630937206e+01 1.418268226596635806e+01 1.404936366319925867e+01 1.885574397586167805e+01 2.252021296685574470e+01 2.413311328568032721e+01 2.137405553803981206e+01 2.395767262258268815e+01 2.222138882993327513e+01 1.781695931479433881e+01 1.430039141117371670e+01 1.688649230257897926e+01
4.715438695229591526e-02 3.825065123430492520e+01 3.203327755939909594e+01 2.721372759888248893e+01 2.348044813717594792e+01 2.158592774103122736e+01 1.831097219990497393e+01 2.052375736995160693e+01 2.054768597615499459e+01 2.036298970757836457e+01 1.469879582759463332e+01 1.154961321544712938e+01 1.518636139344456737e+01 1.967304920640368238e+01 2.491482575665181187e+01 2.449126399705378176e+01 2.546197143765111903e+01 2.777940843702880613e+01 2.698302601262567890e+01 2.301333454440814208e+01 2.086590608323851015e+01 1.725422648927174407e+01 1.280459729285464476e+01 1.656150611632851621e+01 1.454260336860249936e+01 1.040285337269602373e+01 1.047627368605044040e+01 1.100684371009391427e+01 1.463989255868132311e+01 1.547660461368108287e+01 1.669938723829306682e+01 1.676927449469373599e+01 2.189848206118287166e+01 2.480632345286353413e+01 2.041611859530761919e+01 1.641179447520360668e+01 1.290885286117035058e+01
3.096764780222893785e-03 4.074637045918345990e+01 3.583137523021243709e+01 3.078795661246390836e+01 2.622107684906838543e+01 2.214346376042419706e+01 1.734991401188317539e+01 1.589671451368534250e+01 1.531388008902808195e+01 1.691317994674187020e+01 1.450197834788798978e+01 1.106577252930031996e+01 1.420690334181378489e+01 1.734198627606750165e+01 2.316437737891856230e+01 2.612061092681743446e+01 2.907883961761067582e+01 2.759296269058678419e+01 2.210141455246437658e+01 1.904699202569371863e+01 1.548541109506840030e+01 1.390675417770940925e+01 1.082508731109691702e+01 1.329907985627547973e+01 1.167450057439542910e+01 1.417842720980543092e+01 1.579454225594673034e+01 1.481742532178268235e+01 1.103793398146368610e+01 1.094168503307726148e+01 1.203204659266391197e+01 1.543104004344264801e+01 1.975146231179508405e+01 2.039018585243458048e+01 1.650679788760893985e+01 1.525970152867898832e+01 1.170698500123584829e+01
7.494297770287219884e-02 3.971138989542163245e+01 3.483019488864714930e+01 2.863883053719438365e+01 2.348350458303098520e+01 2.125482821158253444e+01 2.196736172514898655e+01 2.013477892971894079e+01 1.705189954895810089e+01 1.369744580136643819e+01 1.218955874374144166e+01 1.284306272381037672e+01 1.088406267268345395e+01 1.554810212341785380e+01 1.956231301947198986e+01 2.192668348984614113e+01 2.705080164797913866e+01 2.636899225289300830e+01 1.949693613193961994e+01 1.439490209235083640e+01 1.308089791522150236e+01 1.115804702258501280e+01 1.323324115865026762e+01 1.138312564618710709e+01 1.396004703873467889e+01 1.681356345854311840e+01 2.141511781167150374e+01 1.893939173119526842e+01 1.364482114690957815e+01 1.567119599381033623e+01 1.549381974843669596e+01 1.298089618787933119e+01 1.563153288588565459e+01 1.571289224468279855e+01 1.251704396052773305e+01 1.268043685528961007e+01 1.562516536046824456e+01
5.538177204173176660e-02 3.714579963289860842e+01 3.119075414053004636e+01 2.668231456924395673e+01 2.758865770567183873e+01 2.666175760264811245e+01 2.673487372055663158e+01 2.173798384255035288e+01 1.770601909494996562e+01 1.765483347693848870e+01 1.563023400609201374e+01 1.230811487908111701e+01 1.021655334373726554e+01 1.349880749235083499e+01 1.514871637745752508e+01 2.017770851967739532e+01 2.625656875207533147e+01 2.603648956863021624e+01 1.940040804074251923e+01 1.298115535252692609e+01 9.974527739530099524e+00 1.365694629153899520e+01 1.700806309760675106e+01 1.494716418503735156e+01 1.559946465732660315e+01 2.025390772183455113e+01 2.543195445855506875e+01 2.279115897138603231e+01 1.773812346965837605e+01 2.099887276621736376e+01 1.954357805116097424e+01 1.533057657387288941e+01 1.206236979573461277e+01 1.163876845928474602e+01 1.539389065161187453e+01 1.722621735160842604e+01 1.855683351670745651e+01
8.123091546170205235e-02 3.957468011261980223e+01 3.421938430594968139e+01 2.975933472244360445e+01 3.289766469995824849e+01 3.040532527931843276e+01 2.503083706916581619e+01 2.155917187295946391e+01 2.233201866889176301e+01 2.167807274328393063e+01 1.710346783870802412e+01 1.682353754329535889e+01 1.376416867259778343e+01 1.126160770377780374e+01 1.357635628459757804e+01 1.683362780236678091e+01 2.134782185511148711e+01 2.408350261148184046e+01 2.065610337499762750e+01 1.421336655213109168e+01 1.021281859828595984e+01 1.358614373587369073e+01 1.798656002353078875e+01 2.051051384324278359e+01 2.098750505239015851e+01 2.247745148118331215e+01 2.736891387792216790e+01 2.679873793949601790e+01 2.270266725309645750e+01 2.429748329322560707e+01 1.998564066035241993e+01 1.566408994293827561e+01 1.519243521782882844e+01 1.317309273505939515e+01 1.717070177304248801e+01 2.172858932049782510e+01 2.376408945066894063e+01
1.341851910302127538e-03 4.142613639366917511e+01 3.632837067171183065e+01 3.480811016579767170e+01 3.726222888339749062e+01 3.311750259231175164e+01 2.802416822556205034e+01 2.646029399559350637e+01 2.851133381887963125e+01 2.535701920622395988e+01 2.025981403207034859e+01 1.992865860105108311e+01 1.524625169227346788e+01 1.390152666308090446e+01 1.103955147391439695e+01 1.339447816592633700e+01 1.594682271083300762e+01 2.047192722371006823e+01 1.968706545749102332e+01 1.705002070025378558e+01 1.330414269767088875e+01 1.028824480946607700e+01 1.512233979662639172e+01 2.084698987888788935e+01 2.485486944598693881e+01 2.753490628200331969e+01 3.099321751781411649e+01 3.168061139932072123e+01 2.835278244604365838e+01 2.455237068677981682e+01 1.936750704123465283e+01 1.990818853227380814e+01 1.878859189838656363e+01 1.769084233872185763e+01 1.605025364110618824e+01 1.980643886295590050e+01 2.364124426918145261e+01
2.541032332596551008e-02 4.494745805494311952e+01 4.180878560139248634e+01 4.133620797290133453e+01 4.213761072523252693e+01 3.731130852752842486e+01 3.384483018986673386e+01 3.298545159381529857e+01 3.245650703322597508e+01 2.762912711061628102e+01 2.521660139515313759e+01 2.445623790030147049e+01 1.979980280251077573e+01 1.803193989684778487e+01 1.339656656958396752e+01 9.922589792213086568e+00 1.419624385862072913e+01 1.678993788703120771e+01 1.395421027998645869e+01 1.370347255776650641e+01 1.249475671377358132e+01 9.324821001170276347e+00 1.215303150209529193e+01 1.700959289676512043e+01 2.273689435079191767e+01 2.819572902358876121e+01 3.128662443266721382e+01 3.405463073157007159e+01 3.176979452325603859e+01 2.597847831400703456e+01 2.215005718669417689e+01 2.586263510060799931e+01 2.452351518827713761e+01 2.275197393843936311e+01 1.895379535722907605e+01 1.748607907564105446e+01 1.999390331655057196e+01
7.366858460645148154e-02 4.533759165903148158e+01 4.226619764388325251e+01 4.184750282490605144e+01 3.804696330733173681e+01 3.416875768326242735e+01 3.288030573584012473e+01 3.481591149334853696e+01 3.543884378118217882e+01 3.293693826258540014e+01 3.144439114940846736e+01 2.971316494481667903e+01 2.563528746859611118e+01 2.083698542231617523e+01 1.347465960872859725e+01 8.736636086442775451e+00 1.303852435840691193e+01 1.280036676400453644e+01 9.474336523997532566e+00 9.003002363886221104e+00 9.306064731925408395e+00 1.208947137580589271e+01 1.506534755134586057e+01 1.945494409295631755e+01 2.407540120870454814e+01 2.513857546830026024e+01 2.681906974493191598e+01 3.196502709760375183e+01 3.429294024156071430e+01 3.128156998253380294e+01 2.725850496296395420e+01 3.088324398690696171e+01 3.011502223987289284e+01 2.411669868073930445e+01 1.919208422661758817e+01 2.149451406529094299e+01 2.397469888859986042e+01
