final_code/thesis_FINALMODEL/topography/sample_increasing_int_topo.txt
ncols 100
nrows 100
xllcorner 0.0
yllcorner 0.0
cellsize 10.0
[rows 68 to 84 of 100, columns 0 to 36 of 100]
3.474999955651238842e-02 4.216820893037365181e+01 3.693546149998965689e+01 3.524200414158669048e+01 3.215881433013765900e+01 2.791268122186333400e+01 2.620001070132919807e+01 2.883634822271287135e+01 3.211230759435735393e+01 3.273256851452411098e+01 3.040606880690870639e+01 3.008918424685066384e+01 2.669902451060037052e+01 2.189878392580032695e+01 1.397665511381617875e+01 8.338449340208050842e+00 1.181228960511499793e+01 9.256551599127133656e+00 1.232841847898936827e+01 1.331942573708228039e+01 1.218476083673920840e+01 1.052606889469616824e+01 1.207284209447197121e+01 1.633986495391561533e+01 1.923545066291446659e+01 2.020223740909054300e+01 2.486255328629628281e+01 2.926939695448039913e+01 3.318279479954384215e+01 3.498438377010401723e+01 3.284454072008897185e+01 3.464930716694941992e+01 2.928608607733505309e+01 2.352047822862117599e+01 2.076101116510349343e+01 2.479817583993125751e+01 2.967076163791854881e+01
4.228991416757432731e-02 4.133229749757774130e+01 3.505711484270718614e+01 3.033918392401936615e+01 2.913034552913334352e+01 2.689326679552941002e+01 2.211189435571467499e+01 2.198087419036854939e+01 2.635873077251426366e+01 2.827541489389661677e+01 2.454246209028099912e+01 2.318516257582005835e+01 2.088347657822163228e+01 1.816973655052780146e+01 1.197620779663247603e+01 7.587795971619844870e+00 1.086935010025629822e+01 9.219225686455162716e+00 1.394443584919536150e+01 1.546101630858453113e+01 1.188393145554569053e+01 1.435398426043303388e+01 1.570389908956824243e+01 1.410056152376641236e+01 1.528728229892513113e+01 1.877972991629737720e+01 2.224185095330620854e+01 2.423349798442807668e+01 2.926716450799050762e+01 3.526979766532358695e+01 3.788446854231158767e+01 3.821586845255881570e+01 3.142822968557901930e+01 2.582580893598078831e+01 2.493264648849027054e+01 2.485510619733832982e+01 2.927489269223885060e+01
2.893750891725621610e-02 4.134127071068012782e+01 3.633565653077303637e+01 2.963627825689584938e+01 2.495840186171574970e+01 2.715086031910243136e+01 2.286772116154368462e+01 1.842990550725826537e+01 2.012465023968020006e+01 2.278721473553943966e+01 2.188383718438369030e+01 1.793154086936764458e+01 1.653898877630449249e+01 1.366777912062304878e+01 1.135769378068238389e+01 7.610106686793359110e+00 8.719588739245454079e+00 1.241862701114305523e+01 1.688538785130339193e+01 1.756780883522342052e+01 1.362947787040594605e+01 1.672182930857134409e+01 2.008367210653821289e+01 1.922725842923016515e+01 1.915320145986164135e+01 1.709781725321864698e+01 1.869098984186231860e+01 2.264129640684117106e+01 2.725393056069793118e+01 3.220415496896769980e+01 3.692456077391570091e+01 3.802527431959892112e+01 3.308587361385770009e+01 3.099529703471760200e+01 2.881379678282404910e+01 2.912002421945459929e+01 2.849925871280731826e+01
5.125576366486798985e-02 3.806820592994255747e+01 3.153925559215098673e+01 2.580730838227538015e+01 2.148173897837665436e+01 2.335170195499614465e+01 2.398099838132677775e+01 1.907689261406112635e+01 1.528437652357025911e+01 1.689637759689770036e+01 1.896143716707169347e+01 1.689200617935965454e+01 1.253777539431000321e+01 1.148147851815741127e+01 9.245194196122248798e+00 1.120086292710487186e+01 1.269626260438517917e+01 1.365859987114210838e+01 1.818130676102249055e+01 2.093764507262341468e+01 1.814069955078068475e+01 1.579165067891251439e+01 1.924973952627979301e+01 2.289745630076863137e+01 2.407649711955540539e+01 2.189898102185411588e+01 2.242913414957681084e+01 2.042233319057745078e+01 2.285588970692083777e+01 2.708316057719286007e+01 3.389713508610898174e+01 3.968865312526590117e+01 3.847220239351779725e+01 3.691038592680745012e+01 3.514195720882522522e+01 3.582945543022098178e+01 3.276576376839418714e+01
8.534095332704738635e-02 3.672448221020587056e+01 2.971236710225375077e+01 2.364932025840926144e+01 2.003095641856992160e+01 1.891216725759899475e+01 2.018842137530386083e+01 1.833644542258166865e+01 1.494206339222167301e+01 1.237622728556820029e+01 1.439323423116869627e+01 1.543759013833616578e+01 1.189207389129393277e+01 9.442915047378320992e+00 1.187649709232076489e+01 1.150206447970210988e+01 1.528736365855227852e+01 1.832178564609991156e+01 1.958142445536174847e+01 2.383750781748485181e+01 2.242977968054544036e+01 1.857967397403670162e+01 1.712191990912962325e+01 2.077913308707885420e+01 2.551379682770443935e+01 2.813581532260941032e+01 2.758979708426454636e+01 2.321621717225901449e+01 2.636539863444920684e+01 2.667374949933971706e+01 3.097090527828974516e+01 3.782262739439086374e+01 4.223122285575082913e+01 4.379500337029749346e+01 4.246526601849198101e+01 4.186181895271450060e+01 3.999877977069455426e+01
5.796984041005667082e-02 3.753381464785216792e+01 3.112380245995556649e+01 2.613006061481751274e+01 2.438008000983305124e+01 2.038182299502582850e+01 1.664222093549859594e+01 1.442157759301050035e+01 1.297330911564998246e+01 1.324236796651203640e+01 1.040680674175489706e+01 1.130674281249253355e+01 9.333680557630714247e+00 1.245058633927751401e+01 1.601048306329898452e+01 1.476627016997239750e+01 1.919137195305480148e+01 2.494828170707058845e+01 2.468466899908908374e+01 2.712627973985211938e+01 2.324114609123263619e+01 1.876468359418939613e+01 1.997168876215711819e+01 2.382321841710602328e+01 2.890154282311902634e+01 3.440872972404280006e+01 3.174227295481166422e+01 2.738996384993180300e+01 3.062253496638399142e+01 3.137013374536581978e+01 3.056762989191518187e+01 3.500988405412796567e+01 4.079067850392549133e+01 4.604347348971911202e+01 4.543841483000397119e+01 4.322406450803411815e+01 4.440502436993433122e+01
9.041221178575080397e-02 4.084658748476175560e+01 3.636220102079636973e+01 3.183004124186037842e+01 2.630912895476514990e+01 2.142696143939039999e+01 2.116213979476116691e+01 1.921349724372696244e+01 1.724360793100437306e+01 1.606344194136833181e+01 1.152761364653499854e+01 8.141484681571132143e+00 1.145560783122321524e+01 1.454421364096000957e+01 1.997193123262758974e+01 1.973452939909632775e+01 2.032384656068944295e+01 2.542565702128088034e+01 2.970214667829901956e+01 2.969806034138165529e+01 2.469988864374086290e+01 2.226387237927840346e+01 1.919052880894160396e+01 2.123362095399664184e+01 2.626960616773756740e+01 3.162355046253860280e+01 3.423983690044867956e+01 3.308041366582803278e+01 3.366096058332431795e+01 3.707826235950125948e+01 3.515280069401778462e+01 3.996018820272775685e+01 4.448390316917177500e+01 4.736431568475646969e+01 4.303657869179063766e+01 3.842632062125364456e+01 3.843839843199948092e+01
8.029406028710217580e-02 4.130372813096044382e+01 3.868405362915729739e+01 3.625476216774948313e+01 3.128222460918242120e+01 2.658537198205676333e+01 2.738409967545868540e+01 2.216848498375045651e+01 1.740685278415456594e+01 1.351457946932882592e+01 9.757031246680780256e+00 7.493689927973855802e+00 1.110679220183853744e+01 1.391789566491417318e+01 1.807573491985943548e+01 2.182074031043902451e+01 2.417662656717834935e+01 2.614322395604426674e+01 3.126413084416758892e+01 3.345256719004598267e+01 3.010316256884166819e+01 2.651815781275967510e+01 2.231363576474168653e+01 2.441295313355410102e+01 2.322851631097574554e+01 2.764161759084222325e+01 3.331588168391652260e+01 3.838725029617907580e+01 3.958025823422553913e+01 4.218263137960377662e+01 4.126248575608344993e+01 4.508575779187077615e+01 4.719234386581876350e+01 4.569971228492606485e+01 4.417706381862063836e+01 3.759501484606651189e+01 3.325335642924650870e+01
4.037252567882113757e-02 3.515688747126858971e+01 3.335677279819248042e+01 3.582081343947326246e+01 3.568388715375611753e+01 3.327050703181063085e+01 3.235598152554831586e+01 2.746303618684137149e+01 2.229967276332756398e+01 1.777090705383434255e+01 1.376156389449163520e+01 1.022857817814021963e+01 8.069928384446040326e+00 9.491174767558471004e+00 1.279752903631283090e+01 1.873434390321259713e+01 2.546555121814157019e+01 2.980003466246301613e+01 3.313229716686075221e+01 3.802209144023976961e+01 3.379195536446012227e+01 2.823417204599289931e+01 2.717030906553357283e+01 2.818923251016538245e+01 2.439882289814214289e+01 2.881528781413271645e+01 3.476965405955483845e+01 3.856096024136957112e+01 4.166246991878026762e+01 4.534061936852120311e+01 4.738181009520322817e+01 4.951270048269052637e+01 4.516659037577261415e+01 4.072063428501364513e+01 3.926086956076481016e+01 3.483801088015447078e+01 3.055159944076893908e+01
8.575608572762147275e-02 3.213522392293809560e+01 2.808406253412197984e+01 3.171555182441303344e+01 3.671537923626313926e+01 3.736724313528976893e+01 3.363789091524171226e+01 2.812938454858868198e+01 2.150889932794503068e+01 1.593849468834949512e+01 1.061014269500163287e+01 7.286604824185641149e+00 1.078381672296288940e+01 1.327341377824092561e+01 1.280834331647073654e+01 1.754681991762325666e+01 2.404460066869388513e+01 2.880932300413861569e+01 3.322834195304682225e+01 3.812197231403963826e+01 3.734679140918241558e+01 3.316561968953094208e+01 3.390940199719842241e+01 3.200557377918761404e+01 2.660403918795898903e+01 2.748835114268512925e+01 3.175507836671792461e+01 3.391477589679059435e+01 3.769741192007050046e+01 4.299143341337169488e+01 4.934148366811645303e+01 5.327777774376072273e+01 4.856890284042786732e+01 4.112382925345261953e+01 3.526958367659537430e+01 3.180986209281538635e+01 3.184457708848697166e+01
3.010560449763687377e-02 2.892911688966022155e+01 2.441620541987300186e+01 2.834504275746762048e+01 3.085104168645097289e+01 3.290588835183612559e+01 2.862865893207884227e+01 2.355818531435624053e+01 2.053239549815554099e+01 1.832832027846997747e+01 1.212490049702230266e+01 6.930131149747257524e+00 1.125090808748939430e+01 1.720264995560315668e+01 1.723308390264859113e+01 1.645274498591757961e+01 2.049499245244640377e+01 2.396604438225791966e+01 2.966793415468614370e+01 3.659838157292723793e+01 4.053218209483824808e+01 3.850322689168690005e+01 3.970474409778110925e+01 3.502799628702153001e+01 3.086933374859057722e+01 3.181809865998793896e+01 3.110112327508847585e+01 3.469867872483735027e+01 4.067697478854763915e+01 4.589428974005983264e+01 5.175022438111017919e+01 5.601892405223644289e+01 4.974816502904855042e+01 4.247064227931779357e+01 3.794328385137683313e+01 3.422645003108668504e+01 3.580272768711312636e+01
1.140670907884745386e-02 2.711294808244759835e+01 2.208557645063119423e+01 2.303486297877210376e+01 2.426909921623906996e+01 2.848211300338498475e+01 2.620388422420152352e+01 2.009087405912545066e+01 1.607044053535017269e+01 1.514473623667448621e+01 1.180754055289320092e+01 6.974726740588120144e+00 1.188009964129770069e+01 1.859614829241890632e+01 2.204075074586606320e+01 2.068653949768325617e+01 1.977437561378924613e+01 2.422960174652615351e+01 3.161824955855918873e+01 3.733772094574071332e+01 3.794297798808303668e+01 3.581047594375485943e+01 3.821270116943417605e+01 3.916855558528905590e+01 3.646359356618977188e+01 3.812488386832566789e+01 3.589159239431321424e+01 3.423259214387045546e+01 3.779450794908999711e+01 4.361177671453935289e+01 4.996657271640292919e+01 5.114217072749993065e+01 4.836063336167278237e+01 4.262021294455644949e+01 3.860508175088796179e+01 3.965601313377168680e+01 4.059914853075250107e+01
4.940147565392236789e-02 2.940868096332121340e+01 2.376812862901040901e+01 1.917901310729621400e+01 2.032489444231095277e+01 2.439478905848956103e+01 2.531371375865149531e+01 2.109167509942834329e+01 1.605468488472148891e+01 1.133468825103707189e+01 1.018965231067020483e+01 7.068835068556862389e+00 1.022850961038584572e+01 1.621340952349318698e+01 2.244236139601285629e+01 2.507025372414175024e+01 2.329254494223649985e+01 2.392494567558072305e+01 2.884108470711311156e+01 3.369143308189682529e+01 3.266076895623263709e+01 2.936412420190832862e+01 3.384920678285671869e+01 3.871629020831105095e+01 4.123585474022547714e+01 4.413840111243641218e+01 4.179758015969738238e+01 3.869619509247622346e+01 4.164370406239461175e+01 4.767671971805308573e+01 5.218593476529037645e+01 5.004506941243606377e+01 4.507697733413253616e+01 4.171136964239448730e+01 4.336936016855676712e+01 4.579341485774408937e+01 4.645680011230575701e+01
3.101302940290096011e-02 3.020149713844224948e+01 2.567849662282423751e+01 1.976694337901256660e+01 1.570418852216987204e+01 2.004811510766754168e+01 2.078476964959851969e+01 1.622453774208194588e+01 1.469534235333237859e+01 1.071390583039745792e+01 8.098502324725515678e+00 1.095073787408543176e+01 1.437344622748246081e+01 1.998714727596631135e+01 2.374626459947344870e+01 2.300918801367243915e+01 2.267443233551101400e+01 2.563693276333936666e+01 3.032665115451755966e+01 2.893380387537320075e+01 2.601003881787823246e+01 2.442419746983835438e+01 2.933797714171905824e+01 3.540103804153902445e+01 3.776142912754909986e+01 4.114626610817108343e+01 4.244826161505640982e+01 4.360405357515981706e+01 4.694983545574119432e+01 5.130121716720045555e+01 5.479579644561071206e+01 5.143915505459371929e+01 4.946249029850255852e+01 4.619631500694051596e+01 4.846353518953814188e+01 4.727724207877905371e+01 4.383752343269492258e+01
1.303635835976315639e-02 2.462716072156536029e+01 2.212024605368489460e+01 1.798890714987546957e+01 1.303440950449996905e+01 1.732314917392888987e+01 1.706265022457231950e+01 1.199740520864093796e+01 1.074800460943047931e+01 7.987587471422131102e+00 9.981295219792556850e+00 1.317440208418506487e+01 1.897241480982709305e+01 2.284729071232769115e+01 2.036871163698603482e+01 1.641681947755114734e+01 1.634512709667360042e+01 2.120846426853376698e+01 2.430976297211241999e+01 2.235179158436093871e+01 2.079222800087566370e+01 2.422396712090261772e+01 3.092923533901286248e+01 3.385410840018169409e+01 3.161080586321061503e+01 3.520512795950951812e+01 3.638242625598763169e+01 4.026400778643910883e+01 4.291031601124038275e+01 4.690313776256139988e+01 5.139126712263445285e+01 5.489282472358282661e+01 5.439981229303977983e+01 5.106784205421723755e+01 4.894058906100163853e+01 4.354622242465774207e+01 3.713492351563103711e+01
2.550969840533044014e-02 2.201570029156297181e+01 1.691799741674239499e+01 1.468960850247963279e+01 1.082831655999412845e+01 1.529273900495578076e+01 1.483746479924986161e+01 1.069761592494818814e+01 8.015664610420520475e+00 1.012509545297312918e+01 8.680841148874597124e+00 1.161795978125972795e+01 1.450530438334492978e+01 1.739349381407620143e+01 1.536583650584515937e+01 1.194760892409995279e+01 1.236653706589351032e+01 1.635886033033884956e+01 1.808789460087267642e+01 1.732638079754778460e+01 2.115554669094805362e+01 2.614216666911383058e+01 3.197018315147305501e+01 3.064197009085967949e+01 2.627937157096609155e+01 2.910382379513767148e+01 3.003133163956661633e+01 3.390639909598159818e+01 3.563590779089113170e+01 3.966473685914803582e+01 4.548271924174268577e+01 5.047325366864085083e+01 5.248300300509383476e+01 4.873987216560523450e+01 4.434452981830052209e+01 3.819179563824155821e+01 3.243483183267721159e+01
5.398762161882948718e-02 2.075350345978362654e+01 1.421535750990915048e+01 9.491487402266423956e+00 8.803093727461108742e+00 1.298350169662102083e+01 1.094836430427492324e+01 7.954904586928625676e+00 1.053653613266902056e+01 1.409063852276941375e+01 1.231765567219018820e+01 8.953950321752270014e+00 9.494359609996690708e+00 1.251271411419173063e+01 1.179566786168877890e+01 1.490407804953540705e+01 1.584537259482076621e+01 1.317975316681259557e+01 1.388428725301790934e+01 1.701764924512637833e+01 2.097428190755100275e+01 2.697880438818925342e+01 2.856961016485728777e+01 2.579876181787931699e+01 2.284643454408519148e+01 2.448276029158196820e+01 2.638248401387017594e+01 2.915545389831736145e+01 3.179496708973909946e+01 3.561101729643924330e+01 4.095180145737847965e+01 4.729140032037389574e+01 4.957992693925040584e+01 4.452259469170020623e+01 3.943605110361833255e+01 3.538806536012452142e+01 3.261112110922817209e+01
