final code/sample_topo2_topographic__elevation.txt
ncols 100
nrows 100
xllcorner 0.0
yllcorner 0.0
cellsize 10.0
[rows 0 to 16 of 100, columns 0 to 36 of 100]
6.147943445098935644e-02 9.003587711785544095e-03 9.155325090850993663e-02 3.464707689979261429e-02 9.696255694517263990e-02 9.041495029013134344e-02 9.501578900137219730e-02 4.620798609393002299e-02 5.547763620735414458e-02 4.759644963420639474e-02 2.847722841705558824e-02 3.202701489805055701e-02 5.874947458746070106e-02 6.610446380591608606e-02 9.746518870775499471e-03 8.662028595599464975e-02 6.190950601674904963e-03 8.933500689237817982e-02 8.158129085519966184e-02 7.866794399931075973e-03 2.105009927126838543e-02 1.593940230617267931e-02 8.485040952258866842e-02 1.871593942354991130e-02 4.078149849779792030e-02 2.889840911504869617e-02 8.859870730397186034e-02 4.462569859502764358e-02 1.207850706852712196e-02 5.914272673609377411e-03 7.036654025414022795e-02 8.556777789876293672e-02 9.067421152973674514e-02 2.363383826020093621e-03 4.971077566006243398e-02 1.553331552550223441e-02 9.175333707390634363e-02
9.094181860252252558e-02 7.742506961584643932e+01 7.328296774638683075e+01 7.198541695821832320e+01 7.612751696764904352e+01 7.420326503416508501e+01 7.006117923720535146e+01 7.006117923720535146e+01 7.115506003399552526e+01 7.529714863193012775e+01 7.289972444761234271e+01 6.875764133507689735e+01 7.289972444761234271e+01 7.789966106099248577e+01 7.825192009363856016e+01 7.410981402771787430e+01 7.540736813192241073e+01 7.954947522676916094e+01 8.444661651684739923e+01 8.029173371106847412e+01 8.211934889053411268e+01 7.796467634407210312e+01 7.839564253864250531e+01 7.419986948102199165e+01 6.996195674419905686e+01 6.580863354586199421e+01 6.636104876817120157e+01 6.636104876817120157e+01 7.638713283416947775e+01 7.203436318690322082e+01 6.788081220155206097e+01 6.788081220155206097e+01 6.882349056798943820e+01 7.297715857948978169e+01 7.721542315218761132e+01 7.320001207460286707e+01 6.904631353545413219e+01
1.926270890541821254e-02 7.328296774638683075e+01 6.328319884593452116e+01 6.198567517279702344e+01 7.035413423088991181e+01 7.006117923720535146e+01 6.006160059493922176e+01 6.006160059493922176e+01 6.115544600687029231e+01 6.993939277452633974e+01 6.789990483789999587e+01 5.875809904466490252e+01 6.375787018987126942e+01 7.273140448686913828e+01 7.247850177199431698e+01 6.410999113397491556e+01 6.540752831721958671e+01 7.540736813192241073e+01 8.029173371106847412e+01 7.026398873379844190e+01 7.320104723763157040e+01 6.793773184029319623e+01 6.977771043958468056e+01 6.421618899646391299e+01 6.002244960656211958e+01 5.578666898105502270e+01 5.633884350541154618e+01 6.636104876817120157e+01 7.332090986702534963e+01 6.788081220155206097e+01 5.785785030859335620e+01 5.785785030859335620e+01 5.880013056208832012e+01 6.303650097039820821e+01 7.006948743165956728e+01 6.904631353545413219e+01 5.902287596563443373e+01
7.253231617442403023e-02 7.233897649096439864e+01 6.621206334657823334e+01 5.621266969250290657e+01 6.621206334657823334e+01 7.087458824904022947e+01 6.299040937025102238e+01 5.299147019396087899e+01 5.579815154786103903e+01 6.286877216119422229e+01 6.375787018987126942e+01 5.375882425749149007e+01 5.858992964583916319e+01 6.858933588314742735e+01 6.833641358816680622e+01 5.833682711863597348e+01 6.833641358816680622e+01 7.523685070878772763e+01 8.029173371106847412e+01 7.026398873379844190e+01 6.317559595683825791e+01 6.818832159723454822e+01 5.975382592515826019e+01 6.421618899646391299e+01 5.419479795879134087e+01 5.000269444539024022e+01 6.002244960656211958e+01 5.914384016740746830e+01 6.623237501721592935e+01 6.705160262082956990e+01 6.079350787946680157e+01 5.077309678050458785e+01 5.301529942453434074e+01 6.004574968269361079e+01 6.004574968269361079e+01 6.638885211839759393e+01 6.195867285903482014e+01
8.678489253892789079e-02 6.819689461225983962e+01 5.819737082969155040e+01 5.319813042167994865e+01 5.673322275328234809e+01 6.380390550116185011e+01 6.621668080799874190e+01 5.872684737988858217e+01 4.872869896252210253e+01 5.872684737988858217e+01 5.664578810930643726e+01 5.042638401835424133e+01 6.042485487907798358e+01 6.592814711955942641e+01 6.178613976398805363e+01 5.532212866194933554e+01 6.109505455626113957e+01 7.109475398148612157e+01 7.277714518681987954e+01 7.145261534521051772e+01 6.818832159723454822e+01 5.816519093762919113e+01 5.527322475976021821e+01 6.195433692326146513e+01 5.712999543680376036e+01 4.711049970950739407e+01 5.499383177022217950e+01 5.205880166825981803e+01 5.886811358726248500e+01 5.702891639687874203e+01 5.725075756029021079e+01 4.723075693195183078e+01 5.370815236439443652e+01 5.002512847329330725e+01 6.004574968269361079e+01 5.930188551765827043e+01 5.221491891691790244e+01
6.390016851231812567e-02 7.233897649096439864e+01 6.614387066869964826e+01 5.966195155550996532e+01 4.966359077048300463e+01 5.966195155550996532e+01 6.207469000353708566e+01 5.207599405183480457e+01 4.630437026910026788e+01 5.321662313932054644e+01 4.664814011956827500e+01 5.664578810930643726e+01 6.284237378279842545e+01 5.870044848179476560e+01 5.178735722637193106e+01 6.178613976398805363e+01 6.946348660542993514e+01 6.984837826097579239e+01 6.277752480434574522e+01 6.145304457016425204e+01 6.852387100751487026e+01 6.818832159723454822e+01 6.195433692326146513e+01 5.193410731334824959e+01 4.988924483104317886e+01 5.499383177022217950e+01 4.497400049467833583e+01 5.306551434216557084e+01 4.884758446918588248e+01 4.994367511070398535e+01 5.603023666543312231e+01 5.370815236439443652e+01 4.368772708318805087e+01 5.370815236439443652e+01 5.605059941975022753e+01 5.189906720228184156e+01 4.512985798033802354e+01
5.128708705358255709e-02 6.907257521001211842e+01 5.907308945867126937e+01 5.200312054589299038e+01 4.753242628228073130e+01 5.490472521447835419e+01 5.904648782738424728e+01 5.792787165506391034e+01 5.321662313932054644e+01 4.321975918699565966e+01 5.321662313932054644e+01 6.006927722823739657e+01 5.592746111317297419e+01 4.870230033801498593e+01 5.870044848179476560e+01 6.592814711955942641e+01 6.816118246733255148e+01 6.570634580508075828e+01 5.570723764562421820e+01 5.438285802723867590e+01 6.089170154252474276e+01 6.503364481024026134e+01 6.610711581834064532e+01 5.901855768405872738e+01 5.990896611911023939e+01 5.315490429620274426e+01 5.306551434216557084e+01 4.304508236940344545e+01 4.176159802123793696e+01 5.005117623746393463e+01 4.600945641939385666e+01 4.897668535217054142e+01 4.168302611940615066e+01 5.170406730815314233e+01 5.189906720228184156e+01 4.187810966502686227e+01 5.189906720228184156e+01
8.815814286208836781e-02 6.879482830010606165e+01 6.614387066869780085e+01 6.167217284756184625e+01 5.490472521447835419e+01 4.490747453951021839e+01 5.248003577338002401e+01 4.793005452589891746e+01 5.167407354236154760e+01 4.167746156567663007e+01 5.167407354236154760e+01 5.342809039819003658e+01 4.592997825324140138e+01 5.592746111317297419e+01 6.284237378279842545e+01 6.523258833235763632e+01 5.816195191156577238e+01 6.183711378625794453e+01 5.938235453422969101e+01 4.938414006957339808e+01 5.089326508439160079e+01 5.926085896065329450e+01 6.633113577556611062e+01 6.904193497867730400e+01 6.732901493635139900e+01 6.317612070359366783e+01 5.721707950536157483e+01 4.883048746650825223e+01 5.005117623746393463e+01 4.002957030551954887e+01 3.892248779129124614e+01 3.895475261211401374e+01 4.634479687525676184e+01 5.049615947095443858e+01 4.738639087212701639e+01 3.983190895143906829e+01 4.337574600253903156e+01
5.278409358236159366e-02 5.879566706862458147e+01 5.879566706862458147e+01 5.954210278367116871e+01 5.904648782738423307e+01 5.248003577338002401e+01 4.248327704627875079e+01 4.086179715053469863e+01 4.865047877442002289e+01 4.018740092178243373e+01 4.178797831787298378e+01 4.343118064639168807e+01 5.342809039819003658e+01 5.592746111317297419e+01 6.592648095514780948e+01 6.109065873470232333e+01 5.109225568040807275e+01 5.183862337030871714e+01 5.890883932551450641e+01 5.511910156194621635e+01 4.512173581623701324e+01 5.219058214573924914e+01 6.074612555315555795e+01 6.521772872475870031e+01 7.099088193562840843e+01 6.887391535734670356e+01 5.885066864002324394e+01 5.432388631632481690e+01 4.430349297080203996e+01 5.005117623746393463e+01 4.740717233902331174e+01 3.738474225868979062e+01 3.632214693621225621e+01 4.505623619573725591e+01 3.736401664771453568e+01 4.738639087212701639e+01 5.339637526067699014e+01
9.681471340935822456e-02 5.879566706862458147e+01 4.879766409033828722e+01 4.954399755253523807e+01 5.661398772030157289e+01 5.662166705320266402e+01 5.155665664245338320e+01 4.741531656063246203e+01 3.865405526492756394e+01 4.572230183728387942e+01 5.178460855881139935e+01 5.342809039819003658e+01 5.756977868162644540e+01 6.336038782612113351e+01 6.592129891776782813e+01 6.177939156194315728e+01 5.476711341151157342e+01 4.476979121135998696e+01 5.029617500501022676e+01 5.010472098120264661e+01 4.282858968376967113e+01 4.660664458880385297e+01 5.107727791007385321e+01 5.684960236209671791e+01 6.684883539027565291e+01 6.642101192081901218e+01 5.639857079542785812e+01 4.931369679563740505e+01 5.432388631632481690e+01 5.611578975134793268e+01 5.155852975944534222e+01 4.740717233902331174e+01 4.393913180405943564e+01 3.503337538340305457e+01 4.505623619573725591e+01 5.153776231010820652e+01 5.865097416746064596e+01
6.462590325002691427e-02 5.824467739844658354e+01 4.824675597921806514e+01 4.247543074066508240e+01 4.855125072102354977e+01 5.034878119479706271e+01 4.620749772878382799e+01 3.741883699811016584e+01 4.448719069653424896e+01 5.279188451967912954e+01 5.986146720207436545e+01 5.988105875810981615e+01 5.573931188297944317e+01 5.336174816003858012e+01 6.043204515156336498e+01 5.178100893726440290e+01 5.361574633408583423e+01 5.029617500501022676e+01 4.029951338202678102e+01 4.010808210853740263e+01 5.010472098120264661e+01 5.543864623976111972e+01 5.897351525657704485e+01 6.311540691047626694e+01 6.888844372765652224e+01 6.642101192081901218e+01 5.639857079542785812e+01 5.933407583701217902e+01 5.905013272204452335e+01 4.902905305818709536e+01 4.194296290965311158e+01 3.746026073673456835e+01 3.391612142017950760e+01 4.285516714507184588e+01 4.285516714507155456e+01 5.287709721135995267e+01 5.364010579824768854e+01
4.507220163753934694e-02 6.238652373357303560e+01 5.661398772030157289e+01 4.855125072102354977e+01 3.855465432093313183e+01 4.501692016937905549e+01 3.621089919680534308e+01 4.620749772878382799e+01 5.155665664245338320e+01 5.862612258838022683e+01 5.925767939574967613e+01 5.410872049343901580e+01 4.574177538692386236e+01 4.629266137219669730e+01 5.629028191559338268e+01 5.361574633408583423e+01 4.361852376520617014e+01 4.752359992307715686e+01 3.752701386141339412e+01 4.752359992307715686e+01 4.242734078374088824e+01 4.544119735644434854e+01 4.897539584698994730e+01 5.474744925864990108e+01 6.474642876781433642e+01 7.057435298563332537e+01 6.642101192081901218e+01 6.877116174044283525e+01 5.874770724419179402e+01 5.611578975134793268e+01 5.163394838105537588e+01 4.748254405147086032e+01 4.285516714507184588e+01 3.283201560034595445e+01 4.285516714507184588e+01 5.107031126774138841e+01 4.948858349576738647e+01
9.201679224510695559e-03 6.040251557009843708e+01 5.040438981686799025e+01 5.040438981686799025e+01 4.501692016937905549e+01 3.502015226272801840e+01 4.501692016937905549e+01 4.820814412455457898e+01 5.234954204140230161e+01 5.657528661797365999e+01 5.511598832619721122e+01 4.511852522200868520e+01 3.997046797000665208e+01 4.996723149574865630e+01 5.393926157202953675e+01 4.979779319933832937e+01 4.784384719279452725e+01 3.784714793973267177e+01 3.605297602817228153e+01 3.834646567965349817e+01 4.834305966451853465e+01 5.543864623976111972e+01 5.897351525657704485e+01 6.311540691047626694e+01 6.263388537191801930e+01 6.677585016952731678e+01 7.051512616708831160e+01 6.636179105841965509e+01 5.874770724419179402e+01 4.872675415751920269e+01 5.166182336265332253e+01 4.918843858134632541e+01 3.916639123363284369e+01 3.207852784343893404e+01 4.104815996666411593e+01 4.104815996666411593e+01 4.614800443694612397e+01
3.275978094226295045e-02 5.747387592478430918e+01 4.747611279196085832e+01 4.040769563254942653e+01 3.724654178540958327e+01 3.423215820820718847e+01 4.315419046552032967e+01 3.821125882162450438e+01 4.243643970385011244e+01 4.850568513655023395e+01 5.264709802660767934e+01 4.695309388367623171e+01 3.695636124810254586e+01 4.695309388367623171e+01 4.979779319933832937e+01 3.980076339860938361e+01 4.272882563551894464e+01 3.431254255389614372e+01 4.430948027713325388e+01 4.834305966451853465e+01 4.541487526305719769e+01 5.248382999631902379e+01 6.248232765769459007e+01 6.100296322322414255e+01 5.263522281079549714e+01 6.100296322342531141e+01 6.636179105841959824e+01 5.633923808209490858e+01 5.927477588405922404e+01 5.166182336265332253e+01 4.164068073419343108e+01 4.832144248650005380e+01 4.625321288693518085e+01 4.104815996666411593e+01 3.102476586661970259e+01 4.011751118811928762e+01 3.946641447528242708e+01
1.604474431627017639e-02 5.856765072969245978e+01 4.856973879287920681e+01 5.040438981686799025e+01 4.551044696964356717e+01 3.551369725596082816e+01 3.315707917073297750e+01 3.243918127013298403e+01 4.143671386047837757e+01 3.850865008590358940e+01 4.850568513655023395e+01 4.452853008558625447e+01 3.453156979808950666e+01 4.452853008558625447e+01 4.536285364196227476e+01 4.122168856622322153e+01 3.273160930253979473e+01 4.272882563551894464e+01 4.138141027299532482e+01 5.137846659270083194e+01 5.541232215965715113e+01 5.823632979840169810e+01 6.237816220623511043e+01 5.686115485071758258e+01 4.686340091503871719e+01 5.686115485071761100e+01 6.453815654753570641e+01 5.927477588405922404e+01 4.925420356161128410e+01 4.591407059125842949e+01 4.832144248650005380e+01 3.829940434765449453e+01 4.313812194824983948e+01 3.311501639443575584e+01 4.011751118811928762e+01 3.009400470169042663e+01 2.944284815695183610e+01
9.888620230072357742e-02 6.270948136703076159e+01 5.623006416261108598e+01 4.623249086300344857e+01 3.916404901094055191e+01 4.551044696964356717e+01 4.315419046552032967e+01 4.143671386047837757e+01 3.143924646863147032e+01 4.047022220790415759e+01 4.461137737162122363e+01 4.229314180846537141e+01 3.229582216111239035e+01 4.229314180846537141e+01 4.122168856622322153e+01 3.122417316978401303e+01 4.122168856622322153e+01 4.687001248531949926e+01 5.137846659270083194e+01 5.552000445715789567e+01 5.660561457791369122e+01 4.823836598935095310e+01 5.660561457789553685e+01 5.332641504844103508e+01 4.332924429956943868e+01 5.039798874454702826e+01 6.007343668247288804e+01 6.342718212453740279e+01 5.927477588405922404e+01 5.593458510990987520e+01 5.247286335442004201e+01 4.529968429184707901e+01 3.527693202747196466e+01 4.313812194824983948e+01 4.426899228601312331e+01 4.011751118811928762e+01 3.857521072506037285e+01
1.635745299181923240e-03 6.354587218005264049e+01 5.363157696958697329e+01 4.363441962122895745e+01 4.916071228704899454e+01 5.330215393432585813e+01 4.678029786818039781e+01 3.678336758104769189e+01 4.047022220790415759e+01 3.047255182275423735e+01 3.951480786937568013e+01 3.885982583856605288e+01 3.021083247122935234e+01 4.020855656005629442e+01 3.874940458618224426e+01 3.018726755994892841e+01 3.725690147882324510e+01 4.725403642759033573e+01 5.287135751990785337e+01 5.701296029808259647e+01 5.246400270189840853e+01 4.246689635028518950e+01 5.246400270189840853e+01 5.044048043694316874e+01 4.044362325476058118e+01 4.593411416067341690e+01 5.593171431337615473e+01 6.320757228568378139e+01 6.199079677689120160e+01 5.697991239972373023e+01 4.873717710697878402e+01 3.871524948502410979e+01 4.529968429184707901e+01 4.945107174096590086e+01 4.972745660694799597e+01 4.191628800120500387e+01 3.189305617277098293e+01
