final code/sample_topo2_topographic__elevation.txt
ncols 100
nrows 100
xllcorner 0.0
yllcorner 0.0
cellsize 10.0
[rows 17 to 33 of 100, columns 37 to 73 of 100]
4.247658818141059101e+01 3.245352872231034524e+01 3.418342282134794630e+01 4.127060138371332698e+01 3.454201227319821044e+01 2.451908423817114979e+01 3.405924669984537445e+01 3.588915622904349334e+01 2.870125931695807253e+01 3.248985423317368060e+01 3.697240798483808533e+01 4.699373024177877056e+01 5.316807394449580215e+01 5.764953027141360309e+01 6.231330784043429105e+01 6.231330784043429105e+01 6.646911367433887108e+01 5.886022672237798048e+01 4.964496271302613195e+01 5.886022631250686743e+01 5.622532133427029066e+01 6.335135855044273967e+01 6.377316275938931511e+01 6.333952639716690669e+01 6.752738447211761752e+01 6.835887381598605828e+01 6.545376956558519055e+01 6.961368089772857104e+01 7.020960709605600414e+01 7.426496672494165807e+01 7.209548171290451535e+01 7.227059860203750929e+01 7.708511532607859351e+01 8.558929058286079794e+01 8.263644882553393245e+01 7.905328414851368279e+01 8.097613725524230688e+01
3.954119467375252128e+01 4.247658818141059101e+01 4.420623842067383436e+01 4.482270042599817117e+01 3.773628759834782187e+01 3.358521881635641648e+01 2.403673306654555120e+01 2.586632895568892465e+01 3.588915622904349334e+01 3.263286627874470014e+01 3.565508098152871241e+01 3.899608007575252344e+01 4.347792104378116562e+01 5.056315209875381100e+01 6.058378184578683090e+01 6.605428330608231136e+01 7.020632851141603226e+01 6.390022203789093425e+01 5.972646730912691737e+01 6.390022201005401570e+01 6.630526063670416193e+01 6.082850075136122570e+01 5.372836119918676445e+01 6.082850076247773075e+01 6.281549209617612206e+01 6.696982733196080062e+01 6.808933642579371792e+01 7.222992285978328653e+01 7.245292117276169108e+01 6.818651899456179422e+01 6.166094477582515765e+01 6.101601700845456122e+01 6.942030606828548400e+01 7.971546245034876677e+01 8.152537271271694408e+01 7.268854790058291826e+01 7.627112642220116356e+01
4.956325499850062499e+01 5.007127049409782416e+01 4.428581333877958315e+01 4.013509967629847353e+01 3.064987477069738731e+01 2.356310998687141733e+01 3.358521881635641648e+01 3.588915622904349334e+01 4.004036775480740573e+01 4.265504232307316101e+01 4.567666298891717958e+01 4.901695444549953606e+01 5.316807394449580215e+01 5.764953027141358888e+01 6.442056396270039897e+01 5.603415759517951500e+01 6.442056394888760451e+01 7.020632810569964022e+01 6.145405803970686520e+01 5.729412703833510534e+01 5.729412700669955427e+01 5.633444064035647614e+01 4.661703766713486630e+01 5.461327905545585537e+01 5.276987374055514124e+01 6.099255554366582999e+01 5.805263156575856698e+01 6.808847136929176713e+01 6.650841234589088913e+01 5.789484536644093993e+01 5.426133680094184086e+01 6.402687790385773781e+01 6.428386249050247159e+01 7.379766577728874211e+01 8.054961883908237041e+01 7.627112642220116356e+01 6.693973375633976275e+01
5.115065718038735554e+01 4.592055486284403543e+01 3.589985253483425964e+01 3.011333185029206305e+01 2.656974977915709246e+01 2.322934263573011648e+01 3.325116304750253704e+01 3.832263892044711895e+01 4.232445615665482563e+01 4.647501486981868624e+01 5.356035259698860074e+01 5.177781457379343522e+01 5.592858309409987072e+01 5.993956266054755133e+01 5.578863202103813990e+01 5.025039359128610528e+01 5.603415759517951500e+01 6.605428330585529295e+01 5.729412703886266911e+01 4.724103361044253546e+01 4.724103361044002725e+01 4.927074971178766560e+01 4.211561822183924875e+01 4.455725102299708595e+01 4.759209196981508683e+01 5.094594996944720577e+01 6.099032439359718438e+01 6.494766274124991412e+01 6.071670750215586310e+01 5.196585596851191724e+01 5.062448858719456979e+01 5.371830272664985984e+01 5.836464340576011267e+01 6.457135902458757926e+01 7.618191357873892855e+01 7.920019746851386344e+01 7.627112642220116356e+01
4.113228094664837187e+01 4.406659540903240213e+01 4.428581333877958315e+01 4.013509967629847353e+01 3.291913959272974921e+01 2.289760650693133570e+01 2.415001351760582438e+01 3.417187188917385754e+01 3.230338489074221542e+01 3.938967714264869358e+01 4.469294535153112236e+01 4.175829643203032759e+01 5.177781457379343522e+01 5.213041322061170035e+01 4.577018723456448157e+01 5.578863202103813990e+01 6.442056394888760451e+01 5.892757364228634742e+01 5.476465522679973930e+01 5.018551648655783026e+01 4.012489591006955436e+01 3.920936706677424155e+01 4.927074971323721542e+01 5.461327905548213124e+01 5.764386636993449287e+01 6.099255554679228197e+01 6.514409452931873545e+01 5.904775381449194782e+01 5.050819484698851625e+01 4.739372744761246281e+01 5.764739193486025215e+01 6.422442197883222548e+01 6.860994488783209988e+01 7.051182413147361672e+01 7.480007622906788356e+01 8.138999859469249998e+01 7.750610323358853293e+01
4.314854951368923253e+01 3.404714387568590439e+01 3.828186236912240759e+01 4.243191229222681216e+01 3.259853522033808559e+01 2.257727135179113276e+01 3.259853522033808559e+01 2.596455312982732977e+01 3.598657419762472642e+01 3.933672015638324382e+01 3.467236556820622440e+01 4.469294535153112236e+01 4.879080375210735809e+01 4.211158481504873663e+01 5.213041322061170035e+01 5.993956229046682438e+01 5.520479458402699890e+01 5.104113925844053057e+01 4.470832496306660886e+01 4.662854997376083332e+01 3.656554816134858044e+01 4.662854997376083332e+01 4.927074971323531116e+01 5.932174360698526527e+01 5.870442548907625735e+01 6.288253841538809752e+01 6.132781314661367844e+01 5.482176177714099907e+01 4.462191509912376830e+01 5.482172645489448826e+01 5.725781911774443245e+01 5.918327244629347206e+01 6.212961839800848907e+01 6.025377935216160807e+01 6.579177704704585494e+01 7.414877176009576942e+01 8.088266423207421951e+01
3.312894327955434903e+01 3.062344033359961060e+01 2.826117379373279803e+01 3.555457638234002360e+01 3.227843050597270746e+01 2.225743824487158662e+01 3.227843050597270746e+01 3.598657419762472642e+01 2.791149807876860933e+01 2.931501437365410467e+01 3.933672015638324382e+01 4.572802694987716166e+01 3.877125765219336273e+01 4.879080375210735809e+01 5.454182330407137158e+01 6.032659982034407165e+01 5.104113926141681645e+01 4.098166292560338064e+01 3.889740040007480104e+01 4.286716803607024673e+01 3.497406174672958201e+01 4.209146302959529606e+01 5.214976433270287970e+01 5.046254890486262923e+01 4.861022941189343527e+01 5.537707293418142029e+01 5.118222046181155349e+01 5.118222046318354757e+01 4.288003617778397825e+01 4.491272407641756814e+01 4.703950049991360061e+01 4.933125224774745732e+01 5.183147962950546628e+01 5.496397945904377025e+01 5.927979196624792735e+01 6.574814502854344767e+01 7.683562941224737131e+01
4.314854951368923253e+01 4.064364795515551521e+01 3.555457638234002360e+01 2.553357448160781473e+01 3.195882324991693935e+01 2.193810547262085464e+01 2.902385756665079697e+01 3.904445720755796145e+01 3.793340065483148749e+01 3.933672015638324382e+01 3.155628099475122283e+01 4.157754230806340701e+01 3.658426650419782789e+01 4.037204630482081313e+01 4.615684907940723747e+01 5.617559709930891643e+01 5.087995801458264111e+01 4.392801531956033756e+01 3.386478889598897979e+01 3.280400207414040636e+01 4.277006709698547127e+01 4.381000808517492828e+01 4.486774491084276661e+01 4.035946248269647896e+01 4.706756020935804941e+01 4.525667699170366376e+01 4.941499242007522241e+01 4.102932750300212916e+01 5.118222046318025775e+01 5.511006049808207052e+01 5.725781925652150051e+01 5.959180038834708171e+01 6.213290881941690458e+01 6.534876503094702116e+01 6.962213043146627456e+01 7.414616095614054814e+01 7.131134667151489737e+01
4.313374534723459419e+01 3.604885793270667449e+01 3.493245512574783618e+01 2.491140149369286760e+01 2.294633112918920403e+01 2.161943295490325312e+01 3.163987297093429873e+01 3.907459889699321565e+01 4.322443097752978503e+01 4.572802694987716166e+01 4.157754230806340701e+01 3.395222733408091642e+01 4.103832346964905042e+01 5.039127023307565878e+01 5.454182330407137158e+01 4.976457245614707858e+01 4.377058330565634492e+01 3.666120859676914279e+01 3.068412377729052665e+01 3.168425879451854144e+01 3.269490399085781718e+01 3.372709961423429093e+01 3.477654297806742534e+01 3.584417793034241129e+01 3.695727251466882279e+01 3.809955214064230233e+01 3.928151502104399384e+01 4.941356903271198320e+01 5.118220428046566894e+01 6.132758537261862841e+01 6.484332990203725444e+01 6.064418761618457410e+01 6.484342582919740039e+01 6.631700487107080733e+01 7.052585033708771789e+01 6.900603105112493552e+01 6.161065371539633162e+01
4.511114661531970427e+01 3.788741750033392464e+01 2.786665254425289362e+01 3.493245512574783618e+01 3.133005640988796259e+01 2.130988324351377727e+01 3.089358709223003885e+01 2.905494664631542889e+01 3.590364821225813330e+01 4.592240250343682817e+01 4.812339075572528202e+01 4.397295419389105575e+01 4.812339075572530334e+01 5.520845804180154914e+01 4.866971177181540043e+01 4.265834814738155245e+01 3.555212383868497028e+01 2.955018762838791346e+01 3.960658816723576336e+01 4.175247781241141354e+01 3.981905785411727550e+01 4.381000808517492828e+01 4.486774491084276661e+01 4.594431130036900868e+01 4.410640707990862097e+01 4.525667699170774227e+01 4.644745774866903787e+01 5.360895787084761821e+01 5.706703043239642881e+01 6.002882606875734695e+01 5.978219226962541910e+01 5.052863964291477572e+01 5.916292662710330319e+01 5.619978597990416347e+01 6.631702415942385187e+01 6.406784741286010387e+01 5.454734134949082858e+01
3.509199743828504836e+01 3.130422035692653893e+01 3.788741750033392464e+01 3.711529393618668848e+01 2.709496860678319052e+01 3.089358709223003885e+01 2.087379735690356952e+01 2.588352597220191953e+01 3.590364821225813330e+01 4.040468120878879432e+01 4.040468120878879432e+01 5.042391569275356034e+01 5.439911498737659201e+01 4.759429484714299008e+01 4.156649647827860861e+01 3.446328118474177415e+01 2.844465766360617920e+01 3.849613717754603215e+01 3.776137245640309459e+01 4.781685701738479111e+01 4.989468825748764402e+01 5.063953821785258924e+01 5.063953828140071778e+01 5.481595070539064807e+01 5.421641633023406825e+01 5.537707297295426656e+01 5.657925488246074508e+01 5.410050638558111302e+01 4.693841271046844810e+01 4.990363469154699771e+01 5.176053943904018695e+01 4.546411444443850769e+01 4.904694027516256227e+01 5.916299304232733647e+01 6.328643669353839130e+01 5.975674923397416194e+01 4.934028389221477795e+01
3.631480571372265587e+01 4.132426417662095730e+01 4.529587546511170615e+01 3.527675019255993760e+01 3.711529393618668848e+01 3.058642208097613491e+01 2.056691150197834617e+01 3.058642208097613491e+01 3.406690062756801751e+01 3.038377023526697940e+01 4.040468120878879432e+01 4.437735563140377337e+01 4.437735563140377337e+01 4.049396275026003877e+01 3.339363065337731484e+01 2.735925215276370537e+01 3.740599001994348782e+01 4.265834814738155245e+01 4.781685701664302712e+01 4.883852973540066245e+01 4.768543034518443591e+01 4.055502341393328436e+01 4.055502341394522148e+01 5.063953826889568433e+01 5.217662142431814232e+01 5.304367173523426260e+01 5.477034967342069649e+01 4.990363476382432140e+01 3.976254443103281488e+01 4.828477300035759612e+01 4.162702893824576478e+01 5.176053943876573271e+01 5.916300574458122696e+01 6.026240973577163373e+01 5.296239266659233635e+01 5.327561201566027194e+01 4.537724278812984124e+01
4.633372263951928005e+01 5.048365690322477661e+01 4.944583191882713180e+01 4.363322292501989352e+01 3.915270756733197999e+01 3.027969770314194875e+01 2.026047480159748915e+01 2.984815496562072923e+01 2.404523613608887445e+01 3.406690062756801751e+01 3.728967331002650099e+01 3.435385916672004214e+01 3.943977087928068670e+01 3.528246559378863623e+01 2.629292425250678988e+01 3.633508911485061077e+01 4.156649647827860861e+01 4.650715505428900798e+01 4.233210404496689705e+01 3.874852652911805251e+01 3.874852652911805251e+01 3.341083647478768626e+01 4.350870904501474001e+01 4.550118131931471055e+01 4.206021128760662009e+01 4.291941079918332491e+01 4.760182655661223805e+01 4.043330769941212566e+01 3.591511788015800022e+01 3.813777841216369779e+01 4.531883864609054768e+01 5.544516968269145707e+01 5.483464002956252159e+01 5.508830926202109168e+01 4.562772040905282722e+01 4.284949778380712360e+01 5.327118464171795154e+01
5.251386964117099154e+01 4.836383722827970644e+01 4.656740748046183853e+01 3.654956769040349229e+01 2.946458930336205029e+01 2.498332763022408187e+01 2.984815496562072923e+01 1.982934989519491964e+01 2.050298160536985392e+01 3.052370716721731725e+01 2.726488078157117201e+01 3.352040207487439005e+01 3.424446155517516388e+01 2.524468454310885335e+01 3.528246559378863623e+01 4.049396275026003877e+01 4.458969988507243443e+01 4.233210404496689705e+01 3.224067331113225521e+01 3.519638494119813288e+01 2.864244384655062703e+01 3.672850016803865003e+01 3.753164518624142687e+01 3.537840873115225548e+01 3.488845207512551383e+01 3.574147865093717513e+01 4.090163038361663439e+01 3.324075656021410197e+01 4.298673186583530992e+01 4.408508371004914750e+01 4.520526069031379279e+01 4.637071855739282711e+01 4.456413691389306564e+01 4.881181396511002646e+01 4.044128158415110619e+01 4.331788622282469703e+01 4.800543867706782919e+01
4.542935547877696933e+01 3.834497938035404019e+01 4.202735515770629604e+01 4.363322292501989352e+01 3.915270756733197999e+01 3.500303131903309861e+01 2.957040201963909709e+01 1.955196382291303436e+01 2.957040201963909709e+01 2.147811483509738295e+01 3.150185664515269224e+01 2.348956033521845299e+01 2.421085551545609604e+01 3.424446155517516388e+01 3.943977087928072933e+01 4.164148875919747184e+01 3.452757306894810085e+01 3.832865793792994680e+01 3.415475261726627565e+01 2.509983382353284753e+01 2.584065226153331452e+01 2.661416849059603251e+01 2.740732357164269928e+01 2.820875520112625168e+01 2.902667161066992918e+01 2.987375001842757172e+01 3.073713994615354039e+01 3.175794662765950349e+01 3.279055527044480556e+01 3.386995874587486810e+01 3.496956021724167130e+01 3.611155932758614995e+01 3.728556616719230732e+01 3.849454162397523049e+01 4.880085673794202705e+01 5.379100827511017258e+01 4.955272052948554062e+01
4.604488177505479030e+01 4.202735515770629604e+01 3.200850643031975551e+01 3.701793079401623032e+01 3.384963602808629446e+01 3.305038591579685203e+01 2.890110848664751586e+01 1.927491541065881719e+01 2.929297889053249904e+01 3.150185664515269224e+01 2.247488466681575403e+01 2.956482112023265429e+01 3.424446155517516388e+01 3.840024540513297779e+01 4.274575369087033039e+01 3.660853905394942842e+01 2.740615729538990664e+01 3.313617388266850128e+01 2.406962555291181971e+01 3.415475261726627565e+01 3.594560353687577958e+01 3.074445018862498102e+01 3.753164518624142687e+01 3.406360048590468637e+01 3.329534180818890832e+01 4.002852450390960826e+01 3.582434126397473051e+01 4.193788996591600693e+01 3.695644306558608605e+01 4.408508371004914750e+01 4.009156244351169107e+01 4.326522050767331962e+01 4.757229696946043163e+01 4.177511483458706465e+01 4.687567284906604925e+01 5.700940681112220432e+01 5.656299147081953294e+01
3.599333703172057852e+01 3.716174876455232123e+01 3.546483021132709723e+01 2.699890303488226451e+01 2.383063555466080885e+01 2.890110848664751586e+01 1.888358675286669097e+01 2.890110848664751586e+01 3.344244782438379104e+01 3.665528042066786441e+01 2.956482112023265429e+01 3.665528042066786441e+01 4.374573972110307096e+01 4.056258163653962612e+01 3.563551220493419436e+01 2.852527071899797306e+01 2.237326619649751791e+01 2.306151656897901958e+01 3.313617388266850128e+01 3.115046831104515945e+01 4.102444485996750245e+01 3.580620938203931303e+01 4.505134357962259628e+01 4.122863452979376575e+01 3.883334918178796613e+01 4.784662894817685697e+01 4.301089477202547329e+01 5.018242017588605108e+01 4.206058407015185452e+01 5.136854851837310321e+01 4.600568488959875424e+01 5.311529227770105166e+01 5.595475273948396477e+01 4.529692665324963485e+01 5.399476291293217400e+01 6.149836050409914634e+01 6.917349125502400398e+01
