final code/sample_topo2_bedrock__elevation.txt
ncols 100
nrows 100
xllcorner 0.0
yllcorner 0.0
cellsize 10.0
[rows 51 to 67 of 100, columns 0 to 36 of 100]
4.790414149675031874e-02 5.000590803422047088e+02 5.000377649489005307e+02 5.000197580586804520e+02 5.000105162451976639e+02 5.000895755663863724e+02 5.000108876812465155e+02 5.000647384099270880e+02 5.000806151330255602e+02 5.000388037946297004e+02 5.000457732573990484e+02 5.000439859395326039e+02 5.000733451224219834e+02 5.000328277761716436e+02 5.000627399348766744e+02 5.000399626463747040e+02 5.000937819058319747e+02 5.000905043370939893e+02 5.000441749060805137e+02 5.000917915078507576e+02 5.000335546309690926e+02 5.000109443552182711e+02 5.000721909923854014e+02 5.000561367180304728e+02 5.000234997716839302e+02 5.000045883982612054e+02 5.000085215828394212e+02 5.000452003896933775e+02 5.000051074672451819e+02 5.000627761643328313e+02 5.000733716600292382e+02 5.000512932849687786e+02 5.000628040468491804e+02 5.000908226538271037e+02 5.000689650348014084e+02 5.000770911630123692e+02 5.000906420462467281e+02
2.990212595082230099e-02 5.000853369082205404e+02 5.000559571321720682e+02 5.000034706713681771e+02 5.000726648507717300e+02 5.000863378657075486e+02 5.000758226370716670e+02 5.000384002544438999e+02 5.000289734058916338e+02 5.000344535329811038e+02 5.000515585409827963e+02 5.000936894118248688e+02 5.000094245588815056e+02 5.000000208266263257e+02 5.000775379502923670e+02 5.000484027915054526e+02 5.000476672647008058e+02 5.000394691746823241e+02 5.000828084379108986e+02 5.000130520064419102e+02 5.000377900758500118e+02 5.000320395272765381e+02 5.000586129020555859e+02 5.000662194675604155e+02 5.000969930443928320e+02 5.000404996180922694e+02 5.000465075038821965e+02 5.000509829908372694e+02 5.000191218106007227e+02 5.000728023975713654e+02 5.000914347520244405e+02 5.000604683068671648e+02 5.000984229728456398e+02 5.000344139621768136e+02 5.000899088293970181e+02 5.000318257440623029e+02 5.000741013990948431e+02
3.676239949994595385e-02 5.000963905666801566e+02 5.000584021676905877e+02 5.000151995336326536e+02 5.000084105508400398e+02 5.000848709862550550e+02 5.000034253073301898e+02 5.000455864212584061e+02 5.000256988115923491e+02 5.000491118604428493e+02 5.000792201702215038e+02 5.000125588743875937e+02 5.000477915472544623e+02 5.000407282962057138e+02 5.000265671588014698e+02 5.000293224985265965e+02 5.000364200262382042e+02 5.000620661841618357e+02 5.000255918581269725e+02 5.000915965755273760e+02 5.000100838456726819e+02 5.000342759970347970e+02 5.000798144017485356e+02 5.000830686296623639e+02 5.000663829043521105e+02 5.000291210916988121e+02 5.000481706239207256e+02 5.000335691899451263e+02 5.000902423942538917e+02 5.000170995479885505e+02 5.000857911992350182e+02 5.000039493242480830e+02 5.000743542714214414e+02 5.000846252343663991e+02 5.000861189945114234e+02 5.000336356297383418e+02 5.000208077157399771e+02
4.104878240991868127e-02 5.000591810302499880e+02 5.000586069959425686e+02 5.000366151544093896e+02 5.000792499651847152e+02 5.000906518118378017e+02 5.000360316004129118e+02 5.000900168848479552e+02 5.000792350559631245e+02 5.000485903554722995e+02 5.000590770840281607e+02 5.000906643180570654e+02 5.000076103003380581e+02 5.000302442907238287e+02 5.000577849091266103e+02 5.000304043815883119e+02 5.000943275439057629e+02 5.000739903488867526e+02 5.000151367596403702e+02 5.000054056722904079e+02 5.000115701868667202e+02 5.000903210153139185e+02 5.000168729464127750e+02 5.000555585381169976e+02 5.000689570834981055e+02 5.000368385307783683e+02 5.000033211374403095e+02 5.000100832652216241e+02 5.000658448240385496e+02 5.000158269244400913e+02 5.000959467624111880e+02 5.000015912243571847e+02 5.000956291477025957e+02 5.000723795452565810e+02 5.000723331992836052e+02 5.000154538846686023e+02 5.000748149640040765e+02
3.260608231146373825e-02 5.000713267164832132e+02 5.000710459014115941e+02 5.000261720232402922e+02 5.000012578185324514e+02 5.000618630838348508e+02 5.000839034669883176e+02 5.000505816637657972e+02 5.000009134907079442e+02 5.000733045201207005e+02 5.000016621754998596e+02 5.000043861521706390e+02 5.000071503496181435e+02 5.000154019603028814e+02 5.000311262985468943e+02 5.000003192397055045e+02 5.000631653556314404e+02 5.000926264762837263e+02 5.000215660384665171e+02 5.000671678568275524e+02 5.000401797079267681e+02 5.000910334459376259e+02 5.000153457856681030e+02 5.000741744924397381e+02 5.000778781631252627e+02 5.000921777056180986e+02 5.000574767966233480e+02 5.000473435961143878e+02 5.000216130284036922e+02 5.000391770051378444e+02 5.000240483350572731e+02 5.000480702425772392e+02 5.000333854522449428e+02 5.000981133150904157e+02 5.000113583871747096e+02 5.000787589293136080e+02 5.000026619994224575e+02
2.639830978664934463e-02 5.000657301023407513e+02 5.000492407800117007e+02 5.000001558014895409e+02 5.000355502452514997e+02 5.000615533227693277e+02 5.000891798154900130e+02 5.000531090277797261e+02 5.000296494850446720e+02 5.000985494624093235e+02 5.000778015393057103e+02 5.000327194591371835e+02 5.000251796101437094e+02 5.000753968949912291e+02 5.000611753944893962e+02 5.000589893185068036e+02 5.000908449221938099e+02 5.000333751145291785e+02 5.000819662492589828e+02 5.000171561168427274e+02 5.000772558635500786e+02 5.000767273839540508e+02 5.000679803557538889e+02 5.000374911512888048e+02 5.000965734217509748e+02 5.000727674023615918e+02 5.000474431236370947e+02 5.000543720120326725e+02 5.000513745692766747e+02 5.000448342114315210e+02 5.000581798045413393e+02 5.000452953071594493e+02 5.000382179483514165e+02 5.000475388979560876e+02 5.000844569349740709e+02 5.000078350346814204e+02 5.000619938618065135e+02
4.785076139670936535e-02 5.000003051787395520e+02 5.000239527252291509e+02 5.000600242667863427e+02 5.000396287025880042e+02 5.000345817305286573e+02 5.000968480984879534e+02 5.000860537923115885e+02 5.000844544871131916e+02 5.000913713830354936e+02 5.000773144177895233e+02 5.000487677653151195e+02 5.000412105690737121e+02 5.000392574170706439e+02 5.000138692114165906e+02 5.000949145305087313e+02 5.000095139280214767e+02 5.000524276186102952e+02 5.000225966727248874e+02 5.000290232877970880e+02 5.000327843882143952e+02 5.000681458042981831e+02 5.000327044363822324e+02 5.000751637029429162e+02 5.000342057517070771e+02 5.000887892973327666e+02 5.000659888734310812e+02 5.000785348477760408e+02 5.000905713131464836e+02 5.000717211569988763e+02 5.000753617122772994e+02 5.000201686792705118e+02 5.000962640605955585e+02 5.000050856187136787e+02 5.000824292969925864e+02 5.000241825224186414e+02 5.000868136044559833e+02
5.915147824110337377e-02 5.000765189633190744e+02 5.000474552424142871e+02 5.000646836301803546e+02 5.000279705553804206e+02 5.000163206726585940e+02 5.000272551924427376e+02 5.000758789530800072e+02 5.000358248444138667e+02 5.000066358562221467e+02 5.000516628548047038e+02 5.000748143413011348e+02 5.000881413024520157e+02 5.000173402112314420e+02 5.000438053637011535e+02 5.000089616024893644e+02 5.000483276197567761e+02 5.000959623435937829e+02 5.000975173795381465e+02 5.000351489569634396e+02 5.000290973136109756e+02 5.000126503813946215e+02 5.000699985649684436e+02 5.000423165610870342e+02 5.000962612684271562e+02 5.000040624437843348e+02 5.000930680837551563e+02 5.000660495212725323e+02 5.000819499880560102e+02 5.000917446114625022e+02 5.000359724035502609e+02 5.000249897603016507e+02 5.000389302183919540e+02 5.000998249407339813e+02 5.000042894245164575e+02 5.000852287874223521e+02 5.000715682913555042e+02
9.009667908228130573e-02 5.000069205030200123e+02 5.000189341831152205e+02 5.000722011350536604e+02 5.000461273819241228e+02 5.000457580123890011e+02 5.000967610289116010e+02 5.000484679485610400e+02 5.000418196640471820e+02 5.000058706294344120e+02 5.000434316694394283e+02 5.000891589679329741e+02 5.000119939428528824e+02 5.000498746091906241e+02 5.000199045956613304e+02 5.000965610045316794e+02 5.000159783868447221e+02 5.000151912516018911e+02 5.000339020461499899e+02 5.000913537437575656e+02 5.000945797010806473e+02 5.000720688546606425e+02 5.000664063604058924e+02 5.000684297083424212e+02 5.000819035088636042e+02 5.000261651203878159e+02 5.000977979405520841e+02 5.000455004696693209e+02 5.000676421830046365e+02 5.000979785490628160e+02 5.000359696402577470e+02 5.000210829261017693e+02 5.000777764626873250e+02 5.000702490569343013e+02 5.000773752162088499e+02 5.000211792290878066e+02 5.000449371090155637e+02
4.715438695229591526e-02 5.000804489285720820e+02 5.000325358845657888e+02 5.000422250362665295e+02 5.000137686724075365e+02 5.000654246632569766e+02 5.000856851866979582e+02 5.000647341502088352e+02 5.000850799111534002e+02 5.000840827630601666e+02 5.000131777283230008e+02 5.000372407081734423e+02 5.000744102070948998e+02 5.000853043391319943e+02 5.000928796220855475e+02 5.000532715508124966e+02 5.000988364625602003e+02 5.000573313017583246e+02 5.000700154316413659e+02 5.000783922605519365e+02 5.000129601314631600e+02 5.000968537420533266e+02 5.000682159338978181e+02 5.000553588724564520e+02 5.000624122983928146e+02 5.000365136460575854e+02 5.000348996587778743e+02 5.000161239595082634e+02 5.000324126741468831e+02 5.000466241117021582e+02 5.000752195978847681e+02 5.000136630833740696e+02 5.000031649613200102e+02 5.000337736517810754e+02 5.000487181290116041e+02 5.000413881716297055e+02 5.000287480029377321e+02
3.096764780222893785e-03 5.000714950380659616e+02 5.000731273110849884e+02 5.000886107157655260e+02 5.000807594363822091e+02 5.000716309275124445e+02 5.000335458842764638e+02 5.000172022883328964e+02 5.000032093537881792e+02 5.000867219441206544e+02 5.000248764701232176e+02 5.000128514239723359e+02 5.000534022280845647e+02 5.000269105232358129e+02 5.000638218913169339e+02 5.000990123126667299e+02 5.000422834400757210e+02 5.000570999812264859e+02 5.000013904443942465e+02 5.000505244829234925e+02 5.000462421402520476e+02 5.000699478253803818e+02 5.000255832262687932e+02 5.000520149961897118e+02 5.000093649828966136e+02 5.000256600895061183e+02 5.000657641194161442e+02 5.000782392903768709e+02 5.000277239978368016e+02 5.000336364887567129e+02 5.000400467589169580e+02 5.000471778580005662e+02 5.000820647623971809e+02 5.000253480755551436e+02 5.000109723206747390e+02 5.000489539628250100e+02 5.000344106035835239e+02
7.494297770287219884e-02 5.000295226530481614e+02 5.000654731740947341e+02 5.000289543750188841e+02 5.000095106150553761e+02 5.000351817303436519e+02 5.000838978533790282e+02 5.000110272234398394e+02 5.000850458756294756e+02 5.000113963206609355e+02 5.000091758968442832e+02 5.000804651660953937e+02 5.000101220987334045e+02 5.000648832610304453e+02 5.000392430958955288e+02 5.000844662471246806e+02 5.000060303713696612e+02 5.000177949582129600e+02 5.000655022483435346e+02 5.000514484374207882e+02 5.000893896948883821e+02 5.000145940123778701e+02 5.000857858286898932e+02 5.000191723283472811e+02 5.000427900702646866e+02 5.000292424298152696e+02 5.000460741464345347e+02 5.000680644588744030e+02 5.000246443489268131e+02 5.000492612159854389e+02 5.000410026002351742e+02 5.000004071143212059e+02 5.000308676742046146e+02 5.000671142927124038e+02 5.000321530349891646e+02 5.000297957563853970e+02 5.000621977986152729e+02
5.538177204173176660e-02 5.000111780882052699e+02 5.000076761999967516e+02 5.000324166840125599e+02 5.000986823642718946e+02 5.000823107465562316e+02 5.000830838218890904e+02 5.000617089393476249e+02 5.000485530537228556e+02 5.000559298739799488e+02 5.000762179516715378e+02 5.000364519813828110e+02 5.000356745057485455e+02 5.000409437445003391e+02 5.000104238675229453e+02 5.000974790293155365e+02 5.000389936093949927e+02 5.000030186212553076e+02 5.000564648448783487e+02 5.000336123696964137e+02 5.000225662580947983e+02 5.000724978299102190e+02 5.000573581563992889e+02 5.000187570828175012e+02 5.000819033341106206e+02 5.000971832496763909e+02 5.000475934744963524e+02 5.000993686013197816e+02 5.000781426934561864e+02 5.000543338566929492e+02 5.000629417832907961e+02 5.000024028505602018e+02 5.000002239015390728e+02 5.000072528023052314e+02 5.000702701444203058e+02 5.000856532244432628e+02 5.000524692026605180e+02
8.123091546170205235e-02 5.000120357519227241e+02 5.000375283191057747e+02 5.000828874160195028e+02 5.000836459964978076e+02 5.000806785742619809e+02 5.000562558591698235e+02 5.000059302772569367e+02 5.000203471950705989e+02 5.000704245405178199e+02 5.000247613016138644e+02 5.000876974220329316e+02 5.000002975427204888e+02 5.000193623196293515e+02 5.000494265338242599e+02 5.000856711654456603e+02 5.000813302453513529e+02 5.000961421781879039e+02 5.000805680827220385e+02 5.000396606479200727e+02 5.000350929366157402e+02 5.000606970518522871e+02 5.000686438598252153e+02 5.000879960328475704e+02 5.000170676551001065e+02 5.000438984250682779e+02 5.000194398371612579e+02 5.000624029384048868e+02 5.000110301006258737e+02 5.000437555430041243e+02 5.000952104367306106e+02 5.000650589399064074e+02 5.000719959555007108e+02 5.000360851674881815e+02 5.000702343108887931e+02 5.000266744329989024e+02 5.000325727774854840e+02
1.341851910302127538e-03 5.000637686952902072e+02 5.000409329290698111e+02 5.000448594682868020e+02 5.000721396138145565e+02 5.000198172271018962e+02 5.000818641176667825e+02 5.000948990430846379e+02 5.000187015005241165e+02 5.000672701512145863e+02 5.000453215611802307e+02 5.000782318557068038e+02 5.000662848578689363e+02 5.000671997108615869e+02 5.000081122703539336e+02 5.000983119999272617e+02 5.000271244592168500e+02 5.000014398673253595e+02 5.000987530519404345e+02 5.000896828198276012e+02 5.000403373190947036e+02 5.000043594604308623e+02 5.000448751975724235e+02 5.000559986382259012e+02 5.000885686827620020e+02 5.000518836004124523e+02 5.000936481550696726e+02 5.000916181050861837e+02 5.000723831583346737e+02 5.000251263632053451e+02 5.000003225332887951e+02 5.000315046484606114e+02 5.000089066979681434e+02 5.000625972460941853e+02 5.000254470192557505e+02 5.000149734998464623e+02 5.000374458429503193e+02
2.541032332596551008e-02 5.000590740599038782e+02 5.000402800067574844e+02 5.000984871350393632e+02 5.000647201502465578e+02 5.000134696045401483e+02 5.000326480986968249e+02 5.000091969945466417e+02 5.000141313308000122e+02 5.000299598074221876e+02 5.000158738257737241e+02 5.000298323505640496e+02 5.000056517323990306e+02 5.000991545641707035e+02 5.000889079587934134e+02 5.000106032999040053e+02 5.000510473224076691e+02 5.000718257021294448e+02 5.000185594964984830e+02 5.000359332463481792e+02 5.000907220517060523e+02 5.000334512175039663e+02 5.000294017282002415e+02 5.000734130455077207e+02 5.000301897406673106e+02 5.000253695736298027e+02 5.000757064665829716e+02 5.000685903977794169e+02 5.000762448608971908e+02 5.000891396025981521e+02 5.000016422506293452e+02 5.000614230189048612e+02 5.000455481478601314e+02 5.000864695183402091e+02 5.000744512933685542e+02 5.000245019378925804e+02 5.000374384061008186e+02
7.366858460645148154e-02 5.000871870125761234e+02 5.000602039009327200e+02 5.000309812033415255e+02 5.000865343374564418e+02 5.000983691367472375e+02 5.000639173410051512e+02 5.000437643101034837e+02 5.000821587307362392e+02 5.000540670632452134e+02 5.000457939330822228e+02 5.000818860139322624e+02 5.000234408514954794e+02 5.000985505416854835e+02 5.000870433827036550e+02 5.000427526240856650e+02 5.000209627868410394e+02 5.000845866779802691e+02 5.000264596056744608e+02 5.000220029800894395e+02 5.000106441106314037e+02 5.000934590475687855e+02 5.000202734014571888e+02 5.000903315811498260e+02 5.000617248841680293e+02 5.000402462709192832e+02 5.000569032952253679e+02 5.000830279183940092e+02 5.000180639175731017e+02 5.000904469534650048e+02 5.000697761387082210e+02 5.000652464586908650e+02 5.000337789875256931e+02 5.000384599475055438e+02 5.000181700428680642e+02 5.000629660247047354e+02 5.000742600345434994e+02
