final code/sample_topo2_bedrock__elevation.txt
ncols 100
nrows 100
xllcorner 0.0
yllcorner 0.0
cellsize 10.0
[rows 17 to 33 of 100, columns 0 to 36 of 100]
5.698989289559953930e-02 5.000470271696215718e+02 5.000326443868526667e+02 5.000548797562161099e+02 5.000313961310574769e+02 5.000214960414484722e+02 5.000389427304369292e+02 5.000333213537545589e+02 5.000891244687986728e+02 5.000152362831955202e+02 5.000115320598595190e+02 5.000126425866428121e+02 5.000150339631268253e+02 5.000516413346827562e+02 5.000307183774100395e+02 5.000489316976928649e+02 5.000031249578841539e+02 5.000250654350717241e+02 5.000470293467522538e+02 5.000905255568702614e+02 5.000686546293281367e+02 5.000220758414976103e+02 5.000602778061929143e+02 5.000538226945624274e+02 5.000142834999897445e+02 5.000722117274755192e+02 5.000269832421658407e+02 5.000707255824708000e+02 5.000476771327656706e+02 5.000051811173687497e+02 5.000339205739528552e+02 5.000801390258335459e+02 5.000011341583093554e+02 5.000547303848297815e+02 5.000943637856587429e+02 5.000772607167455703e+02 5.000416913016057379e+02
9.210609827851935771e-02 5.000657427225171432e+02 5.000654669518222022e+02 5.000742697486825818e+02 5.000172392216354069e+02 5.000112588465190129e+02 5.000222505048798212e+02 5.000602212455949598e+02 5.000713049114075943e+02 5.000252231258555753e+02 5.000756589744442522e+02 5.000511087870639244e+02 5.000179628479843927e+02 5.000345789156182263e+02 5.000760976610229704e+02 5.000452215811631049e+02 5.000895544456543007e+02 5.000645623456135809e+02 5.000479026764721198e+02 5.000215063335425612e+02 5.000977097011679007e+02 5.000936278579891336e+02 5.000710150855405232e+02 5.000703894130516574e+02 5.000285501028400290e+02 5.000841449632534932e+02 5.000138772225453749e+02 5.000433411470555143e+02 5.000353705220587699e+02 5.000597738684476781e+02 5.000600157285363707e+02 5.000845471420195167e+02 5.000900241115932090e+02 5.000567357587544848e+02 5.000468365662427459e+02 5.000108400193336138e+02 5.000175223805428573e+02
1.347141641901827835e-02 5.000388796609455540e+02 5.000495507816952454e+02 5.000726360552775986e+02 5.000299453830785978e+02 5.000987738370281477e+02 5.000631014948838242e+02 5.000785792363114979e+02 5.000307706555856271e+02 5.000662400225107262e+02 5.000550849864758334e+02 5.000067862673557784e+02 5.000467286404822289e+02 5.000992886418945886e+02 5.000751568975178429e+02 5.000562905711747135e+02 5.000778543208585916e+02 5.000604216424054016e+02 5.000340028328919857e+02 5.000506901970949798e+02 5.000182502326231315e+02 5.000119424804256596e+02 5.000633388657988689e+02 5.000867501624756528e+02 5.000370743005283316e+02 5.000007855903563154e+02 5.000526885302418236e+02 5.000956636635397103e+02 5.000123428464542599e+02 5.000068078263376492e+02 5.000380460150226440e+02 5.000058108233087069e+02 5.000859012792477074e+02 5.000295351940261526e+02 5.000370210726436540e+02 5.000359830385573900e+02 5.000784733072305244e+02
3.376390202352421571e-02 5.000541461727013939e+02 5.000217154092806027e+02 5.000527738607372612e+02 5.000772319993486121e+02 5.000620792911937542e+02 5.000182362194598227e+02 5.000330474822670794e+02 5.000929591455047785e+02 5.000573487190890205e+02 5.000995125504147722e+02 5.000847377246991527e+02 5.000447429002381341e+02 5.000212985756179478e+02 5.000178644675169721e+02 5.000354675094581012e+02 5.000860203119036669e+02 5.000862642637059139e+02 5.000820920095119959e+02 5.000680872773259011e+02 5.000939340462612108e+02 5.000384472436506940e+02 5.000693499366084325e+02 5.000976095910813228e+02 5.000204695265226746e+02 5.000284558146817062e+02 5.000648715552124486e+02 5.000859811754093016e+02 5.000209153407340636e+02 5.000688872260134872e+02 5.000855671855058517e+02 5.000667612747046746e+02 5.000388446360688022e+02 5.000446418499147967e+02 5.000690513324835251e+02 5.000671364401733285e+02 5.000963074304438010e+02
1.961704154390183502e-02 5.000547705375175838e+02 5.000202536013453027e+02 5.000183280791519564e+02 5.000474620701157278e+02 5.000096345566209379e+02 5.000332772222142239e+02 5.000280462232104242e+02 5.000653779561051238e+02 5.000953823962144611e+02 5.000820162754333182e+02 5.000260869061624476e+02 5.000381844525948623e+02 5.000187704093553407e+02 5.000659481007091358e+02 5.000894954625976538e+02 5.000175275567157769e+02 5.000627436754052155e+02 5.000797340555951109e+02 5.000303466992393169e+02 5.000434078917525085e+02 5.000338338205494892e+02 5.000918116426167330e+02 5.000497553812912770e+02 5.000973178248202089e+02 5.000469457178496668e+02 5.000807149797555553e+02 5.000689410265655397e+02 5.000134267802480394e+02 5.000149717863365026e+02 5.000827007101944446e+02 5.000458093400243342e+02 5.000453140775421161e+02 5.000833886094199556e+02 5.000653237122822929e+02 5.000113112583125030e+02 5.000820399246456418e+02
1.157265254896681049e-02 5.000981548643371752e+02 5.000103084949523691e+02 5.000961873585578701e+02 5.000592243916053690e+02 5.000087907449940872e+02 5.000043517163144315e+02 5.000704808903012122e+02 5.000680555979857900e+02 5.000270311189185577e+02 5.000687516843291860e+02 5.000210516166450816e+02 5.000819381153244194e+02 5.000318791904601312e+02 5.000302704986664821e+02 5.000155012787158739e+02 5.000384469842252315e+02 5.000318322616519140e+02 5.000587609543321150e+02 5.000827181751527633e+02 5.000226981065896439e+02 5.000372577786349098e+02 5.000562953190598137e+02 5.000335027641870056e+02 5.000163653999211419e+02 5.000267306042911173e+02 5.000491708852284205e+02 5.000666552856320095e+02 5.000208355250081240e+02 5.000591107994209779e+02 5.000706313205447486e+02 5.000203119856348621e+02 5.000166069513836078e+02 5.000673728259036466e+02 5.000560698371359081e+02 5.000280085420284308e+02 5.000516804926697887e+02
9.279557543192666624e-02 5.000715134997217319e+02 5.000774131628314194e+02 5.000890548340760802e+02 5.000970989896871970e+02 5.000903034898857982e+02 5.000891121217407544e+02 5.000391801299476242e+02 5.000838169473565245e+02 5.000263797080183963e+02 5.000321450394803833e+02 5.000624461218382066e+02 5.000643325645491473e+02 5.000610194537048301e+02 5.000166893853442502e+02 5.000989357691632904e+02 5.000237604441418284e+02 5.000605772014570789e+02 5.000048435283368917e+02 5.000192283068478787e+02 5.000635087158493093e+02 5.000487985460041500e+02 5.000934325054921601e+02 5.000592032796300828e+02 5.000453806688512373e+02 5.000806797054495973e+02 5.000685693574716879e+02 5.000950492538834737e+02 5.000968266476778012e+02 5.000863472801095213e+02 5.000149580203432720e+02 5.000893236885322040e+02 5.000285245416332600e+02 5.000898008684891920e+02 5.000469204889383263e+02 5.000742938143023935e+02 5.000926026131480739e+02
5.761017691059440449e-02 5.000765533700704282e+02 5.000207940467913659e+02 5.000886685819924082e+02 5.000338168123846003e+02 5.000145443106845278e+02 5.000873514172233172e+02 5.000814215322471910e+02 5.000428057336011989e+02 5.000048126055372109e+02 5.000298064012900454e+02 5.000640497367863873e+02 5.000731116955964808e+02 5.000458717006306415e+02 5.000260574178813044e+02 5.000686403915712503e+02 5.000147347451947439e+02 5.000580636895138582e+02 5.000272415081144004e+02 5.000760782603948655e+02 5.000868991154127912e+02 5.000877703727224457e+02 5.000443419937652720e+02 5.000521751560845019e+02 5.000886803112697976e+02 5.000543713704801689e+02 5.000602254020056421e+02 5.000432128146823061e+02 5.000865981677985133e+02 5.000633708462472100e+02 5.000857391123313960e+02 5.000412368877802578e+02 5.000918603827310562e+02 5.000249741640602679e+02 5.000579910647279576e+02 5.000901986939413746e+02 5.000959743016774723e+02
6.143988739078019151e-02 5.000997271088680804e+02 5.000647846838155033e+02 5.000658887636378722e+02 5.000653730922384170e+02 5.000111819573516527e+02 5.000391293906563988e+02 5.000395461994704647e+02 5.000815863461099298e+02 5.000514580401715534e+02 5.000988522199191380e+02 5.000483059247656001e+02 5.000688916967747559e+02 5.000202458134243102e+02 5.000538757688156011e+02 5.000671409137354431e+02 5.000603979376152779e+02 5.000818301898970049e+02 5.000394476071872418e+02 5.000684475928647998e+02 5.000515232049422139e+02 5.000971926514076813e+02 5.000349270785057456e+02 5.000377581318436455e+02 5.000517153350429567e+02 5.000272774957547313e+02 5.000054065996867507e+02 5.000371462927849393e+02 5.000410337440756052e+02 5.000916145494636567e+02 5.000067692472147201e+02 5.000230506983563714e+02 5.000537320824346921e+02 5.000025458915583272e+02 5.000590408752338476e+02 5.000077364834791069e+02 5.000760904967852412e+02
8.661755544491242520e-02 5.000215323923981146e+02 5.000271292091492796e+02 5.000149054522731262e+02 5.000400222075152783e+02 5.000718284905300948e+02 5.000265139282436735e+02 5.000564517714884119e+02 5.000788754218518761e+02 5.000177499140855275e+02 5.000965732346617187e+02 5.000573801048486757e+02 5.000849940501677224e+02 5.000672373397093224e+02 5.000897255253356093e+02 5.000993832313034204e+02 5.000498210886302104e+02 5.000974524222860396e+02 5.000560760285019342e+02 5.000402780849061628e+02 5.000130342271472728e+02 5.000645226390305425e+02 5.000572634647953691e+02 5.000802646554917033e+02 5.000009952235400306e+02 5.000212661253310671e+02 5.000759244679983908e+02 5.000958578595697759e+02 5.000660579787208917e+02 5.000531178276374362e+02 5.000557807994898667e+02 5.000370991423554301e+02 5.000172957912664629e+02 5.000672432291169685e+02 5.000599501464949981e+02 5.000015758131116854e+02 5.000820870208732458e+02
2.185676900312675391e-02 5.000991695482204022e+02 5.000385629619135557e+02 5.000467216711506353e+02 5.000033645623465191e+02 5.000874952761545273e+02 5.000465722239767388e+02 5.000027137315337882e+02 5.000525646137951981e+02 5.000832763423676397e+02 5.000734991512460397e+02 5.000499504292671986e+02 5.000920289226216369e+02 5.000282285112216982e+02 5.000750554748635750e+02 5.000180620146187493e+02 5.000595151168151347e+02 5.000517446404314796e+02 5.000966468276269552e+02 5.000162788195628423e+02 5.000303182164214491e+02 5.000569706768710034e+02 5.000068839852424958e+02 5.000684238660036272e+02 5.000197250782620699e+02 5.000170092710006315e+02 5.000526000824978041e+02 5.000704899706513515e+02 5.000115386272176465e+02 5.000293974109754913e+02 5.000809279244942900e+02 5.000713270807738695e+02 5.000228985454916142e+02 5.000088829517646900e+02 5.000857661242694121e+02 5.000268915460932817e+02 5.000863743517011812e+02
1.399754622417326289e-02 5.000350717394928211e+02 5.000033701985265679e+02 5.000417235104366682e+02 5.000317999495047161e+02 5.000070963329738447e+02 5.000355970778207961e+02 5.000054076255278801e+02 5.000563083055355378e+02 5.000597174349308034e+02 5.000276654208992682e+02 5.000580968967688591e+02 5.000634478566921644e+02 5.000583121841875709e+02 5.000482864622096599e+02 5.000547039687658639e+02 5.000708299478332037e+02 5.000786708146138153e+02 5.000139400115340322e+02 5.000909774323385477e+02 5.000533189606375117e+02 5.000777994854700523e+02 5.000030003526533733e+02 5.000052318600780836e+02 5.000484780420412676e+02 5.000796116569003971e+02 5.000016152237615188e+02 5.000831888354686043e+02 5.000434097204512227e+02 5.000295645543955629e+02 5.000323834514730947e+02 5.000144213192257894e+02 5.000450481044634330e+02 5.000619106332836168e+02 5.000532336203460204e+02 5.000907935727370273e+02 5.000789281936968678e+02
8.409328479363717412e-02 5.000529045174166072e+02 5.000812313179104081e+02 5.000358351784300908e+02 5.000519577396818818e+02 5.000651866403605368e+02 5.000305925112187992e+02 5.000418005563008705e+02 5.000680900306545027e+02 5.000754906031625637e+02 5.000861849599101561e+02 5.000937605565788431e+02 5.000161362693259548e+02 5.000223298574906039e+02 5.000592260030495595e+02 5.000859453630092730e+02 5.000988637265151624e+02 5.000231311852705289e+02 5.000285942996426911e+02 5.000876206888121374e+02 5.000724863785432035e+02 5.000427275055592986e+02 5.000896478285035869e+02 5.000844504432297981e+02 5.000425799730316498e+02 5.000173474997810104e+02 5.000820432287418384e+02 5.000789480584456328e+02 5.000827648306370747e+02 5.000158897658066053e+02 5.000420786829150757e+02 5.000943066283425082e+02 5.000033971098203551e+02 5.000443482491955933e+02 5.000746376388127032e+02 5.000639592501592574e+02 5.000259273575958900e+02
4.338839538490053827e-02 5.000130448030284924e+02 5.000281420632686036e+02 5.000602925294150509e+02 5.000058959377192309e+02 5.000448800981368436e+02 5.000771189102978269e+02 5.000083494574556084e+02 5.000959544288075449e+02 5.000712389463947147e+02 5.000376213903733174e+02 5.000977640000537576e+02 5.000690844890579001e+02 5.000130405064898014e+02 5.000043444411500104e+02 5.000641073550754641e+02 5.000143806633001873e+02 5.000515175371374426e+02 5.000236902571023734e+02 5.000343032687675873e+02 5.000045754212533211e+02 5.000574365150293374e+02 5.000167813282673137e+02 5.000023949552947329e+02 5.000987626837671201e+02 5.000231483278905102e+02 5.000874133949475890e+02 5.000458119058025090e+02 5.000621764115406904e+02 5.000080050521949602e+02 5.000043376706445315e+02 5.000365369633579462e+02 5.000181375131397772e+02 5.000502859295444864e+02 5.000302652872791782e+02 5.000726809406412485e+02 5.000264669769523493e+02
2.145489084468809107e-02 5.000972074533776208e+02 5.000075532133431579e+02 5.000454507815052807e+02 5.000936932447695540e+02 5.000472939719090277e+02 5.000530601643885120e+02 5.000303528485473521e+02 5.000653058461946898e+02 5.000709770237892826e+02 5.000983391531233906e+02 5.000649781646187648e+02 5.000654644961321083e+02 5.000029651017151764e+02 5.000121204493060532e+02 5.000598243998258567e+02 5.000788333926488463e+02 5.000538247827089435e+02 5.000093589793445403e+02 5.000790924869006062e+02 5.000050849229124310e+02 5.000456719840672122e+02 5.000250432423256370e+02 5.000734089211580340e+02 5.000123011777665738e+02 5.000469753013290983e+02 5.000799214350517445e+02 5.000474436211141551e+02 5.000702017162618631e+02 5.000026842486338978e+02 5.000546530718492022e+02 5.000951192054049557e+02 5.000969187708305981e+02 5.000529433385312359e+02 5.000419150173812000e+02 5.000485806555104773e+02 5.000807685769432851e+02
9.461404608699376662e-02 5.000564758407172690e+02 5.000475871237146066e+02 5.000796990067122465e+02 5.000186462043926099e+02 5.000721200846516012e+02 5.000311954396858027e+02 5.000340606994399764e+02 5.000810942266377879e+02 5.000452138637452322e+02 5.000277881512237173e+02 5.000307418685683842e+02 5.000761044488269818e+02 5.000402541290659428e+02 5.000856606296527502e+02 5.000980270919438340e+02 5.000455309947095657e+02 5.000328966090801828e+02 5.000782239843748584e+02 5.000346842690149742e+02 5.000823648327120736e+02 5.000158157522141664e+02 5.000001585762177569e+02 5.000909939130729640e+02 5.000064228426250565e+02 5.000139063359536635e+02 5.000503202869252846e+02 5.000739317518749090e+02 5.000634626242912759e+02 5.000829313056868273e+02 5.000186301754715146e+02 5.000830082162245844e+02 5.000391462601935473e+02 5.000903646741858211e+02 5.000783261776322206e+02 5.000025025620263932e+02 5.000435975481360629e+02
5.660171846745472995e-02 5.000046368314792176e+02 5.000869270875435291e+02 5.000037720002424066e+02 5.000242871427990963e+02 5.000134955491426467e+02 5.000232623500800742e+02 5.000175092936568149e+02 5.000706216677439784e+02 5.000278037392889132e+02 5.000423680900677255e+02 5.000365613311058155e+02 5.000823882237218641e+02 5.000770802291839914e+02 5.000080181922674001e+02 5.000215694093861316e+02 5.000569713003001198e+02 5.000059030295824982e+02 5.000987941988504986e+02 5.000416243601020483e+02 5.000089305941901898e+02 5.000601221154831819e+02 5.000371362230263799e+02 5.000659331924630351e+02 5.000034140929494697e+02 5.000033089526195909e+02 5.000190689177690047e+02 5.000179578434041332e+02 5.000083063880131249e+02 5.000644780085260095e+02 5.000508351538236980e+02 5.000985921026815504e+02 5.000464124043040783e+02 5.000755311808580359e+02 5.000349231751698085e+02 5.000932965936389678e+02 5.000646663700816816e+02
