final code/sample_topo2_bedrock__elevation.txt
ncols 100
nrows 100
xllcorner 0.0
yllcorner 0.0
cellsize 10.0
[rows 34 to 50 of 100, columns 0 to 36 of 100]
9.213401027609920135e-02 5.000523622602279943e+02 5.000006147739385369e+02 5.000181861857902277e+02 5.000658874774562719e+02 5.000136214522908631e+02 5.000773776820609555e+02 5.000310467586701861e+02 5.000045216605855103e+02 5.000728818671531712e+02 5.000007348588233640e+02 5.000327234427410872e+02 5.000883963245826180e+02 5.000009554866820736e+02 5.000760914254876184e+02 5.000290599724557410e+02 5.000898004969505450e+02 5.000840490318087745e+02 5.000841863780794370e+02 5.000128172298782374e+02 5.000749847833307626e+02 5.000878943412083686e+02 5.000979984649551398e+02 5.000524433905994215e+02 5.000240767921790166e+02 5.000936811187093554e+02 5.000722057859845791e+02 5.000519519906895880e+02 5.000705578729036915e+02 5.000619532076891574e+02 5.000348064372197996e+02 5.000842952720357744e+02 5.000087306700896193e+02 5.000021228725504443e+02 5.000350423134141806e+02 5.000467678058279262e+02 5.000884392747884704e+02
5.234813853615070955e-02 5.000874469136404628e+02 5.000487413291343159e+02 5.000986186098497797e+02 5.000086973056625084e+02 5.000037017397141881e+02 5.000292014832774043e+02 5.000918968883216849e+02 5.000521597886913128e+02 5.000022477026541878e+02 5.000137428509739834e+02 5.000584297189291192e+02 5.000737998711412047e+02 5.000874034945087487e+02 5.000867791599890779e+02 5.000106699444016272e+02 5.000761344454969048e+02 5.000219842614863524e+02 5.000581373218202543e+02 5.000784498563639318e+02 5.000226469236445155e+02 5.000633118665611505e+02 5.000047777562194824e+02 5.000803363353696227e+02 5.000518377422419007e+02 5.000775013227317345e+02 5.000169785090698724e+02 5.000763200675160078e+02 5.000678290285401886e+02 5.000842841258547651e+02 5.000097145949234232e+02 5.000294444699773067e+02 5.000518242176733565e+02 5.000247975173428472e+02 5.000064172578256034e+02 5.000915804886475371e+02 5.000132350620721127e+02
6.229481079083745015e-02 5.000415637045264816e+02 5.000043421284362353e+02 5.000814302528726216e+02 5.000194637662037280e+02 5.000768598060718659e+02 5.000922461365687468e+02 5.000734395487564825e+02 5.000222237186276857e+02 5.000603463757852865e+02 5.000964595169911036e+02 5.000632060191766186e+02 5.000574922654218994e+02 5.000199839012164489e+02 5.000340834948789279e+02 5.000924710355000684e+02 5.000254293963074019e+02 5.000267246187719934e+02 5.000717058177830268e+02 5.000719043306820595e+02 5.000580386103477508e+02 5.000418039065534686e+02 5.000640451457136351e+02 5.000508843827050214e+02 5.000022421335859804e+02 5.000707479027244631e+02 5.000745736571137172e+02 5.000801288282006567e+02 5.000671264248031775e+02 5.000321351320969256e+02 5.000004197385359817e+02 5.000845050689010804e+02 5.000619720965878514e+02 5.000888610201507163e+02 5.000337197708876147e+02 5.000943219293359903e+02 5.000782696235444291e+02
1.834783226245318907e-02 5.000032342463506438e+02 5.000715065304246423e+02 5.000863638454584930e+02 5.000771476015638086e+02 5.000933660770047595e+02 5.000285234880775533e+02 5.000314621791982290e+02 5.000997984957321592e+02 5.000033690829567945e+02 5.000718422785319035e+02 5.000726274569534553e+02 5.000316124874353818e+02 5.000182342307300019e+02 5.000865157391860407e+02 5.000487054513180283e+02 5.000149758302505347e+02 5.000609273004096167e+02 5.000097008522124042e+02 5.000063821528076460e+02 5.000461395207886426e+02 5.000538108573275053e+02 5.000256475222104200e+02 5.000546328779027476e+02 5.000834461356973293e+02 5.000460978011197994e+02 5.000742546295438729e+02 5.000444807275929975e+02 5.000066754715517163e+02 5.000788224508198709e+02 5.000154465475569623e+02 5.000884728282635479e+02 5.000895491411254739e+02 5.000203288568812354e+02 5.000623643684764374e+02 5.000968982436483543e+02 5.000168266087675875e+02
8.794976998887321651e-02 5.000854871401603532e+02 5.000522527438933480e+02 5.000724710377522797e+02 5.000904439444937566e+02 5.000388030830409321e+02 5.000626316473131396e+02 5.000671433218164452e+02 5.000726994151904137e+02 5.000066839364071143e+02 5.000109452658636542e+02 5.000627609103086115e+02 5.000039738031969137e+02 5.000506452030385844e+02 5.000722357648387515e+02 5.000806274681668242e+02 5.000749034787577898e+02 5.000364119390137034e+02 5.000579860439837034e+02 5.000749192598831883e+02 5.000022093336373246e+02 5.000722442836235473e+02 5.000256442002288395e+02 5.000780797288147141e+02 5.000974108259101740e+02 5.000979437566320485e+02 5.000081427358455244e+02 5.000270115292325386e+02 5.000989277339014620e+02 5.000955999282958828e+02 5.000673229569439400e+02 5.000111627815767861e+02 5.000101276013294296e+02 5.000150013379219445e+02 5.000873271374661044e+02 5.000165335445611845e+02 5.000619809387253554e+02
9.749028601234343422e-03 5.000279048076304775e+02 5.000675917324446118e+02 5.000052994140999658e+02 5.000349262203730518e+02 5.000034927002471363e+02 5.000859979585915767e+02 5.000080377503468299e+02 5.000205284175270322e+02 5.000709178080974198e+02 5.000095298531467733e+02 5.000854379256069819e+02 5.000607860427838887e+02 5.000092096941932027e+02 5.000208543350876198e+02 5.000921294072757064e+02 5.000201884011337938e+02 5.000415542199215793e+02 5.000357605721923733e+02 5.000603222857460537e+02 5.000601547197406944e+02 5.000314292688081537e+02 5.000860407861974295e+02 5.000647931437213174e+02 5.000021962405202203e+02 5.000133910961312154e+02 5.000377943104776364e+02 5.000857667088694711e+02 5.000395277273608485e+02 5.000061012144693677e+02 5.000012069384370648e+02 5.000289462423381224e+02 5.000955618604708661e+02 5.000653228453311385e+02 5.000059281685885253e+02 5.000631569755699388e+02 5.000506994484053962e+02
3.878634033380564533e-02 5.000604204139434046e+02 5.000819936191245461e+02 5.000981731186384422e+02 5.000249649611890277e+02 5.000879885626480927e+02 5.000002146092969610e+02 5.000442851389654493e+02 5.000956395330437090e+02 5.000138753880069089e+02 5.000672938898996449e+02 5.000971677537440314e+02 5.000347104705799097e+02 5.000838903835485212e+02 5.000788353429811650e+02 5.000485022599785907e+02 5.000803695955208923e+02 5.000872427662396831e+02 5.000391208146760960e+02 5.000067594422246771e+02 5.000733407211128565e+02 5.000966656655219253e+02 5.000949221677819310e+02 5.000820067162351847e+02 5.000332045705247310e+02 5.000075784367569440e+02 5.000563799898843058e+02 5.000452529506786732e+02 5.000373163464564072e+02 5.000184769717382665e+02 5.000195146743965324e+02 5.000892397223465764e+02 5.000442781583670921e+02 5.000986823410270290e+02 5.000896913335704426e+02 5.000522509123377972e+02 5.000552143453302278e+02
4.333685785204446222e-02 5.000950758064137176e+02 5.000965936043769489e+02 5.000566345630499541e+02 5.000035331077514797e+02 5.000812028706263845e+02 5.000086635521095673e+02 5.000831778405696468e+02 5.000829172304041208e+02 5.000459959993957568e+02 5.000441767071294521e+02 5.000787292704064271e+02 5.000769716337809427e+02 5.000319875719295624e+02 5.000317649827422883e+02 5.000806163268146065e+02 5.000238478588586304e+02 5.000776046315467624e+02 5.000844630933956978e+02 5.000336691032170506e+02 5.000081446849243321e+02 5.000445519656320243e+02 5.000675776792135139e+02 5.000732071611731158e+02 5.000842033347112192e+02 5.000455034647817456e+02 5.000271841241222432e+02 5.000876195595473632e+02 5.000404502802172146e+02 5.000181571255324684e+02 5.000012624483722448e+02 5.000043843830713968e+02 5.000896827933224245e+02 5.000413227741898368e+02 5.000804537219248118e+02 5.000519134048136607e+02 5.000541984406514189e+02
7.488791594575414101e-02 5.000496639435595512e+02 5.000384085159795973e+02 5.000901090809397829e+02 5.000448234820138396e+02 5.000799130394429994e+02 5.000874876675051723e+02 5.000027157494616858e+02 5.000111276782656660e+02 5.000559573973060310e+02 5.000607082431538402e+02 5.000547987019509151e+02 5.000699082100722421e+02 5.000205141370512365e+02 5.000642288254284153e+02 5.000389973891421391e+02 5.000471490017225165e+02 5.000948853505655052e+02 5.000339487003803356e+02 5.000389448934835741e+02 5.000147385183455526e+02 5.000647840877698513e+02 5.000584712540199348e+02 5.000645307273335334e+02 5.000723553252720990e+02 5.000537125169563524e+02 5.000719082183881028e+02 5.000972924002057880e+02 5.000420396212635978e+02 5.000723416905568115e+02 5.000565827914498414e+02 5.000231882950884028e+02 5.000022868661611710e+02 5.000715578950618010e+02 5.000857396972494939e+02 5.000716546252547801e+02 5.000743723475912361e+02
5.455303688726272776e-02 5.000303106873242314e+02 5.000044778753876358e+02 5.000567574234681274e+02 5.000184518256064052e+02 5.000955164674055027e+02 5.000821421149092885e+02 5.000056275360843188e+02 5.000020438359956643e+02 5.000902586440713549e+02 5.000496325935121718e+02 5.000846550604449021e+02 5.000663422555451234e+02 5.000275465055860309e+02 5.000426221309293737e+02 5.000341927452514028e+02 5.000021766228326214e+02 5.000542619627869385e+02 5.000297465963164427e+02 5.000977656098604598e+02 5.000465351727758048e+02 5.000624166959726722e+02 5.000713624578621079e+02 5.000045673410738800e+02 5.000399701596969066e+02 5.000998717112178156e+02 5.000864488723200907e+02 5.000696920960346574e+02 5.000798459061235235e+02 5.000474423569396549e+02 5.000298609775852015e+02 5.000305492867728390e+02 5.000757017095639867e+02 5.000240459192284561e+02 5.000067139164420951e+02 5.000615447008426599e+02 5.000261640042752447e+02
6.825597533913130288e-02 5.000123009294941880e+02 5.000216242186457407e+02 5.000298888225133851e+02 5.000577978799746006e+02 5.000824666951698987e+02 5.000902258544179517e+02 5.000830467544346334e+02 5.000447595189423282e+02 5.000376994982455017e+02 5.000514707184817098e+02 5.000352934195182115e+02 5.000688248355079963e+02 5.000409220304001110e+02 5.000829666207668538e+02 5.000490029804156507e+02 5.000495429839884878e+02 5.000880895016442196e+02 5.000918513705522628e+02 5.000400568984547363e+02 5.000221908066740752e+02 5.000058014062316829e+02 5.000392765179371395e+02 5.000417469083093920e+02 5.000219761314333482e+02 5.000709191225588484e+02 5.000039184183458474e+02 5.000586749570791767e+02 5.000565499383890824e+02 5.000539172719117573e+02 5.000050227020864781e+02 5.000655804212618136e+02 5.000153545319969908e+02 5.000744029813640736e+02 5.000230813831906858e+02 5.000765930438025180e+02 5.000015925352977888e+02
7.681000663350590063e-03 5.000748111923630859e+02 5.000062900143430511e+02 5.000754622975064194e+02 5.000541159955716353e+02 5.000687539655226033e+02 5.000337633367529406e+02 5.000092914040701544e+02 5.000888277315798405e+02 5.000894908445817464e+02 5.000411237880780959e+02 5.000222601500093447e+02 5.000303204609690511e+02 5.000702587274905113e+02 5.000599829746184355e+02 5.000757153384162166e+02 5.000755195135656663e+02 5.000152119766799501e+02 5.000385990383065860e+02 5.000767762677324413e+02 5.000001051781252386e+02 5.000110048016748578e+02 5.000711592117154396e+02 5.000082412761244655e+02 5.000629941501823055e+02 5.000537691892085377e+02 5.000660476831509982e+02 5.000102689915647147e+02 5.000890131204363342e+02 5.000435503549588816e+02 5.000085476515699838e+02 5.000685937675325476e+02 5.000078852653847434e+02 5.000110619011160793e+02 5.000081981082315110e+02 5.000614692836834365e+02 5.000075132422970796e+02
4.967295210247968384e-03 5.000060274505567577e+02 5.000264636646039662e+02 5.000960114056380803e+02 5.000173907379889329e+02 5.000037260764708549e+02 5.000586133017208681e+02 5.000483306160012376e+02 5.000304718950155802e+02 5.000643785826016483e+02 5.000211858226097092e+02 5.000022154600294471e+02 5.000115613375592147e+02 5.000454879114613504e+02 5.000925164035680268e+02 5.000337356096329700e+02 5.000348211299334480e+02 5.000915719409746885e+02 5.000698660147327814e+02 5.000245425959918748e+02 5.000706489746896750e+02 5.000450119175961845e+02 5.000308578243732995e+02 5.000198519744963619e+02 5.000722079140052756e+02 5.000705376658515320e+02 5.000373805066864179e+02 5.000550595605673152e+02 5.000009192384044354e+02 5.000692387660369036e+02 5.000063764105085511e+02 5.000083143376067483e+02 5.000339841132857259e+02 5.000328492299408367e+02 5.000229153847429870e+02 5.000583743726465400e+02 5.000565004017837509e+02
3.376673725333138171e-02 5.000604792675643466e+02 5.000523927586065156e+02 5.000281191380472592e+02 5.000951673866406963e+02 5.000331472949700924e+02 5.000516015648249777e+02 5.000921657413447861e+02 5.000768510135414431e+02 5.000130340572076193e+02 5.000488059819772957e+02 5.000125280548692785e+02 5.000455258651453505e+02 5.000261954846304775e+02 5.000413523737969399e+02 5.000707253909828296e+02 5.000224017225456237e+02 5.000279368875874297e+02 5.000421262694124493e+02 5.000367513549552996e+02 5.000804911300563731e+02 5.000595319594675061e+02 5.000233289599523232e+02 5.000482467496314030e+02 5.000180201169930001e+02 5.000395793172032199e+02 5.000046129475094290e+02 5.000560801927065882e+02 5.000635459457084266e+02 5.000029595283137951e+02 5.000185447085588066e+02 5.000502967618880916e+02 5.000474367714617756e+02 5.000824903183476522e+02 5.000436738798102851e+02 5.000631682004441245e+02 5.000302659193247337e+02
4.287772958673950058e-02 5.000769421186907380e+02 5.000657017854771311e+02 5.000746048413847120e+02 5.000096552535809451e+02 5.000270939241830206e+02 5.000999621114548859e+02 5.000081605150930955e+02 5.000376397575425926e+02 5.000019532539289457e+02 5.000339848988443237e+02 5.000128875824050283e+02 5.000378244935865837e+02 5.000737105489095029e+02 5.000057104696674060e+02 5.000722333889301012e+02 5.000937139367791815e+02 5.000014281452897649e+02 5.000691316245271878e+02 5.000222444203942018e+02 5.000818536474484972e+02 5.000032576104200643e+02 5.000616267181364378e+02 5.000017985266261462e+02 5.000544547198314262e+02 5.000068881127605778e+02 5.000190836552573046e+02 5.000830153838769547e+02 5.000820602148327225e+02 5.000741301508431889e+02 5.000726404651858275e+02 5.000969438910711347e+02 5.000781346417202258e+02 5.000532511442081613e+02 5.000240186112519609e+02 5.000088406147874593e+02 5.000219149363189786e+02
1.289815604239990046e-02 5.000918280794789439e+02 5.000615289430119219e+02 5.000516002264749886e+02 5.000282199207712779e+02 5.000776739614544226e+02 5.000931548678327658e+02 5.000764321407995112e+02 5.000902944098563694e+02 5.000330523107042495e+02 5.000439872530642447e+02 5.000985238935086841e+02 5.000746982770066893e+02 5.000073381585971219e+02 5.000639928516013129e+02 5.000729279986632037e+02 5.000924734100609612e+02 5.000737994338576300e+02 5.000107664973172064e+02 5.000125042808355147e+02 5.000030669750861989e+02 5.000174918037515681e+02 5.000480062550309981e+02 5.000009951921544484e+02 5.000712398652707975e+02 5.000903441455830034e+02 5.000863839460346867e+02 5.000902775361562931e+02 5.000345874237707449e+02 5.000779314790669901e+02 5.000669037369198691e+02 5.000033300157954272e+02 5.000502576179502512e+02 5.000918867813326187e+02 5.000014490728754595e+02 5.000576341634251776e+02 5.000289937118496937e+02
6.548447405171775246e-03 5.000369975295692484e+02 5.000777691878539031e+02 5.000972697395465048e+02 5.000899814452059218e+02 5.000150398020981584e+02 5.000518791621339574e+02 5.000042025763940501e+02 5.000655845036494611e+02 5.000127018032315505e+02 5.000519541895134807e+02 5.000254361847215137e+02 5.000533338606346092e+02 5.000436703274182833e+02 5.000991225982452875e+02 5.000495140734822712e+02 5.000991955220113141e+02 5.000887754766686157e+02 5.000619427042148004e+02 5.000313075878972313e+02 5.000507042348492064e+02 5.000929791828748421e+02 5.000478122384731137e+02 5.000916750573789500e+02 5.000430436958809537e+02 5.000420264598019457e+02 5.000077982876200622e+02 5.000634561253330048e+02 5.000927097898728562e+02 5.000002060494514922e+02 5.000621774459748394e+02 5.000883666590634675e+02 5.000742575480309142e+02 5.000418146151851033e+02 5.000719152138939307e+02 5.000719380801350553e+02 5.000811902043694204e+02
