final code/sample_topo2_topographic__elevation.txt
ncols 100
nrows 100
xllcorner 0.0
yllcorner 0.0
cellsize 10.0
[rows 34 to 50 of 100, columns 37 to 73 of 100]
2.890383883905018081e+01 2.713255109053145731e+01 2.543890763908940045e+01 3.313167743389267628e+01 2.975939621265551693e+01 1.974111258079230424e+01 1.860743090989630133e+01 2.824472909331285564e+01 2.824472909331285564e+01 3.826150847012714706e+01 3.959297440139511082e+01 4.083202634117861862e+01 3.667525769109477096e+01 3.051576170532351995e+01 3.051576170532351995e+01 2.141404583394446348e+01 3.147100538587521967e+01 2.609800410797227599e+01 3.624681246533121737e+01 4.058381723270638020e+01 4.511571158196109366e+01 4.295790071290809209e+01 5.013713642405399185e+01 5.133758698860130210e+01 4.791917107711070400e+01 5.363851243967665994e+01 5.315419714713514310e+01 5.648237383074956597e+01 5.224141632137327917e+01 5.649075550710109894e+01 5.621023593557183062e+01 6.043202248005430022e+01 6.054166052110357299e+01 5.150875659690028385e+01 6.055601804868542359e+01 6.971209375405518927e+01 6.557657122838452324e+01
3.893736632564166200e+01 3.716174876455232123e+01 3.313167743389267628e+01 2.310951702685386877e+01 2.152561756293339101e+01 2.975939621265551693e+01 2.824472909331285564e+01 1.822815130962519703e+01 2.824472909331285564e+01 3.468163270332967585e+01 3.882996322008991541e+01 3.667525769109477096e+01 2.663562862846480783e+01 2.957616790031158516e+01 2.046857224038189216e+01 2.757267209254369078e+01 3.563551220493419436e+01 3.327519963880831000e+01 3.154565178107032608e+01 3.767975377611529808e+01 4.905278243471011024e+01 5.313278383242215597e+01 5.544719644348674592e+01 5.557679491720141129e+01 5.918518098921677506e+01 5.898136846330503857e+01 5.487436800708820783e+01 5.898136846324034366e+01 5.780777168827759738e+01 6.191906407599434203e+01 6.436944148204197802e+01 6.031219321773203035e+01 6.410028043811075804e+01 6.258149767511545036e+01 6.716245897260382947e+01 6.655766098336094672e+01 5.816613096266463145e+01
4.595392670103441901e+01 4.180122540866717173e+01 3.471454061207054309e+01 2.469370089066085683e+01 3.154567285335630800e+01 3.569744998891636811e+01 2.797674177671835949e+01 1.796056254819375653e+01 2.759898040999683388e+01 2.466524977252547046e+01 3.468163270332967585e+01 3.280985186992091940e+01 2.865538253193837193e+01 1.953818471735130657e+01 2.663562862846480783e+01 3.467677931203810004e+01 4.178088653167592526e+01 4.356539810524353129e+01 3.921874753375402634e+01 4.680764068634995567e+01 5.421909745429379512e+01 5.257129532157799190e+01 4.557086644496386896e+01 4.604750934466178336e+01 5.557679491720280396e+01 5.401151863275703136e+01 4.489648582044012670e+01 5.401151863275703136e+01 4.783296430528184828e+01 5.617209820329173908e+01 5.459422032256094326e+01 5.039115489975257134e+01 5.742586614136636314e+01 6.728237076552137808e+01 6.833053880085216747e+01 5.880383550719104591e+01 5.335407530595393411e+01
3.678890414768822126e+01 3.177862585011845198e+01 2.823612940751275246e+01 3.471454061207054309e+01 3.886660846703110650e+01 3.333108855516968561e+01 2.331402296769877580e+01 2.759898040999683388e+01 1.758337201770025615e+01 2.722231062622061870e+01 3.137074723423292966e+01 2.774675201134491331e+01 1.862586976223503754e+01 2.572173918439556672e+01 3.373382748481947857e+01 4.083202634341240156e+01 4.530188795560026449e+01 4.817015356568781215e+01 5.066662304506572667e+01 5.320112708490655962e+01 4.874629150158804691e+01 4.826222922807315996e+01 3.866431137391003858e+01 4.847034405209212338e+01 5.510373791250758302e+01 4.988911348671543067e+01 3.989809443995171989e+01 4.573416934724487248e+01 4.206364595123424976e+01 4.990079511848487215e+01 4.462628452228474885e+01 5.459422032256094326e+01 6.070264694678249384e+01 6.568179175385506596e+01 7.232072817049143509e+01 6.688214420524350601e+01 5.881036455317119760e+01
4.595392670218723907e+01 3.825770135218343881e+01 3.324610238784483585e+01 4.241010148766599741e+01 4.041355733054815147e+01 3.039743393332400245e+01 3.333108855516972824e+01 3.174760649635358334e+01 2.722231062622061870e+01 1.720728340557574398e+01 2.684619429440682836e+01 1.772507907692130047e+01 2.774675201134491331e+01 3.280985186992622715e+01 4.010537967045748076e+01 3.978112278647125777e+01 3.561734266912570490e+01 4.249333024811213733e+01 5.206330971471064117e+01 4.693559196903898112e+01 3.845480500735430240e+01 4.143862205156777634e+01 3.544856377466801689e+01 4.111319861442888879e+01 5.100071297299037809e+01 4.635698980258773361e+01 3.636193609061779597e+01 3.573948634075014041e+01 3.778154790193891444e+01 3.991391427646662038e+01 4.307565729830568557e+01 4.660935171083649209e+01 5.160313371442225616e+01 6.156524681977265345e+01 7.035316091345092104e+01 6.623104009395225944e+01 6.288038766900807275e+01
5.243488221364982138e+01 4.742205901990897132e+01 4.326930031652189257e+01 4.742205901980102567e+01 4.456190300537434723e+01 4.041355733054815147e+01 3.972428838943307738e+01 3.394293268917125772e+01 2.979536129470574579e+01 2.684619429440682836e+01 1.683175765578652516e+01 2.684619429440682836e+01 3.189807328960171873e+01 3.987315333289327413e+01 3.578203704790806228e+01 2.991537197067596665e+01 3.978112278647125777e+01 4.925716137644572257e+01 4.828744375594449423e+01 4.233524571909777023e+01 3.268614254302176647e+01 3.162387922412362329e+01 3.861698444376817463e+01 4.855438798634072128e+01 4.529336946247104834e+01 4.115603557266242518e+01 3.319799189431285669e+01 4.319644932824025574e+01 4.777265341932719878e+01 4.990079511848492899e+01 5.305732803468205816e+01 5.658401853526181924e+01 6.070304817945937259e+01 6.568237402367330446e+01 6.623104009395176206e+01 5.628558440743078251e+01 5.919854093602311451e+01
5.609946228020739056e+01 5.195588502792709562e+01 5.065789430193648712e+01 5.480145868600536829e+01 4.696770331225778250e+01 4.196146640732987976e+01 3.557698785489054671e+01 2.556291690226078828e+01 1.978102279188183132e+01 2.625475796248357341e+01 1.658728744717001291e+01 2.660111877199780395e+01 3.033680196446857735e+01 3.228743947135577486e+01 2.584350721539524542e+01 3.578203704790806228e+01 3.798289613692359978e+01 4.778231381883276185e+01 4.400889902852154023e+01 3.398331496600742696e+01 2.824577294155140450e+01 3.527635648012100944e+01 4.525413275793373202e+01 4.335298965505131719e+01 3.921376404971026375e+01 3.115529880768144011e+01 4.115603557266242518e+01 3.952390235315304778e+01 4.659156175992379190e+01 5.657628127181352085e+01 5.672260826518661503e+01 5.672260826518661503e+01 6.671761925135396609e+01 7.328799556041320784e+01 6.623104009395555636e+01 5.628558440743078251e+01 4.925858827114635830e+01
5.195588502792709562e+01 4.195259292232260151e+01 4.065459948373436561e+01 4.902602760125481041e+01 4.282063029635658324e+01 3.280792705745438553e+01 2.780055445391327495e+01 2.425959225421112109e+01 2.625475796248357341e+01 1.624177791866599563e+01 2.591047987861363566e+01 2.767446350341544559e+01 2.034293238940546189e+01 2.230649622466894044e+01 2.608786451553479679e+01 3.314107264453839008e+01 4.308799093040538963e+01 5.181649998404824942e+01 4.339324334463067601e+01 3.344452204174876897e+01 2.640247095285794998e+01 3.637087169151386234e+01 4.499028219188428324e+01 3.921376404971026375e+01 2.921154071240287564e+01 3.921376404971026375e+01 4.529336946242753470e+01 4.951601839671067040e+01 5.364793560232264014e+01 5.095092571039639751e+01 4.672576083513107648e+01 5.379479549065046484e+01 6.379097357356160103e+01 6.333056922006024081e+01 6.333056922006038292e+01 6.331937266303108913e+01 5.451280231335140058e+01
4.611040061591809547e+01 4.488248934586430039e+01 3.487903403307652894e+01 4.488248934586430039e+01 4.696770331225769723e+01 4.196146640732987976e+01 3.781427867690545952e+01 3.427389252540056219e+01 3.040245521484891356e+01 2.591047987861363566e+01 1.589833394184957527e+01 1.766736593206933037e+01 2.767446350341544559e+01 3.228743947135577486e+01 3.605445755856034395e+01 3.422953630107056000e+01 4.417442597514784808e+01 4.239185249434205360e+01 4.318284720950107669e+01 3.465264266663133697e+01 2.466865499090497238e+01 3.084673184004126512e+01 3.791850701596286655e+01 3.608986765610774938e+01 2.789814141472277598e+01 3.497196626179189849e+01 4.497122820393331466e+01 5.037837078792712475e+01 4.623807093242206889e+01 4.095345099363730412e+01 5.095092571039635487e+01 5.707385115971972311e+01 6.207168658746319778e+01 6.333056922006034029e+01 5.337516714636814896e+01 5.703422010493427763e+01 5.403388679093757929e+01
3.610692063937342766e+01 3.794259341769044624e+01 3.186271897197784142e+01 4.186633408408206947e+01 4.546718737044403014e+01 4.961074025127256704e+01 4.108515678298759610e+01 3.607934610033998268e+01 3.193260513138040579e+01 2.566955189419084959e+01 1.565796424547386323e+01 2.566955189419084959e+01 3.181547748746069004e+01 3.216895460564924747e+01 4.217962462164318538e+01 4.417442597514784808e+01 3.946137861204427821e+01 3.238778616754296991e+01 3.611014409656185364e+01 2.903744098362260573e+01 2.298132392168571769e+01 2.377613415234911898e+01 3.377617159258952029e+01 2.608770840406236502e+01 3.608986765610774938e+01 3.876102036257439920e+01 4.290229501114415456e+01 4.322319119367810458e+01 3.623884605096358769e+01 3.940188404509171960e+01 4.293715657138651665e+01 4.793567329923106257e+01 5.793250111009140113e+01 6.278191992932506338e+01 5.282661180682548974e+01 4.708324025640364141e+01 4.408764996233632871e+01
3.794259341769044624e+01 2.793871968199230693e+01 3.794259341769044624e+01 4.383523652131737691e+01 3.546370310534128834e+01 4.383523652131737691e+01 3.693862419591768997e+01 2.692658606684327793e+01 2.191991388414012931e+01 1.858265348641494441e+01 1.541781280904424989e+01 2.508972789420164062e+01 2.215741617920616591e+01 3.216895460564924747e+01 3.831346784255001836e+01 4.245848155527593804e+01 3.445936529207889976e+01 2.531354845951226551e+01 3.099514642301076606e+01 2.196683879849772580e+01 3.196718467865088087e+01 3.377617159258952029e+01 2.492213865316125165e+01 3.492328955959295200e+01 2.763964858943380065e+01 2.875784886947342400e+01 3.876102036257439920e+01 3.322211686486323146e+01 4.322319119367809037e+01 4.939963848374115685e+01 5.293408720466119632e+01 5.707385116001350411e+01 6.207168658793574423e+01 6.690678568895719991e+01 6.115857877213325366e+01 5.220729677330818674e+01 5.403388679093757929e+01
3.268932671058952621e+01 2.570161598181442031e+01 3.570565924655585377e+01 3.969167303715277484e+01 2.968790145230983768e+01 3.969167303715277484e+01 4.108515678298758189e+01 3.607934610034009637e+01 3.193260513138040579e+01 2.542884632549049684e+01 2.508972789420164062e+01 1.507946659752836460e+01 2.508972789420164062e+01 3.253533600333719988e+01 2.830544992420194461e+01 3.351186420050302672e+01 2.936785873697714422e+01 2.031386555166472263e+01 2.099393142811477730e+01 3.099514642301076606e+01 2.604795277634622508e+01 3.605085062508197069e+01 3.492328955959295200e+01 3.492328955959295200e+01 3.471353420810933699e+01 3.876102036257439920e+01 3.039172486747550295e+01 4.039446020285582506e+01 4.485998857284799612e+01 4.735961005170316440e+01 5.013236480684342666e+01 5.329360038450831638e+01 5.743335998926924901e+01 6.190357714517409704e+01 6.628611739150362325e+01 6.216128033864941926e+01 6.001087066929957814e+01
2.268507339290878733e+01 3.268932671058952621e+01 3.582453603144791288e+01 3.168087562744150887e+01 2.615079396256130195e+01 3.615480567461088413e+01 4.018732881031398563e+01 4.433091211504910945e+01 3.958751414553958625e+01 3.192936654067356272e+01 2.191834006984218419e+01 1.484077840051439701e+01 2.485050183651069489e+01 2.252712234650688217e+01 2.252712234650688217e+01 2.936785873697714422e+01 1.936504519948901759e+01 2.842829935100554906e+01 3.099514642301076606e+01 3.513850979654554152e+01 3.605085062508197069e+01 3.076327648944099025e+01 4.076633997298362999e+01 4.492408769998494478e+01 4.471409889804868953e+01 4.039446020285441818e+01 4.039446020285582506e+01 3.250142969010486382e+01 3.486000586713785765e+01 3.736112413708901414e+01 4.013505536390550787e+01 4.329689574007066000e+01 4.776751080940194782e+01 5.483640373298437254e+01 6.483286951381887775e+01 7.162703197639970654e+01 6.413716275989096971e+01
2.797330089133753006e+01 3.211702805731442822e+01 3.168087562744150887e+01 2.167658162700080737e+01 3.168087562744150887e+01 3.311357854852853677e+01 3.018353525325675690e+01 4.018732881031398563e+01 3.706288124347236845e+01 3.205795510007598637e+01 2.461156140399214820e+01 1.460236994011045830e+01 2.461155966087348190e+01 1.545150014648461934e+01 2.545846025902865506e+01 2.690504176353626065e+01 2.750870618755956798e+01 1.842443960772017064e+01 2.842829935100554906e+01 3.792092758841618405e+01 4.239560227431775274e+01 4.076633997298362999e+01 3.653907690657167251e+01 4.231395100070645299e+01 5.231499300154008836e+01 5.039295986533942084e+01 4.446417688340854113e+01 3.446394494435007516e+01 4.446417688340854113e+01 4.735961005170316440e+01 5.013236480684342666e+01 5.329360038450828796e+01 5.743335998694249156e+01 6.190357706100061819e+01 6.347894611513419960e+01 6.164770561433500262e+01 7.162703197639970654e+01
1.796893587488095179e+01 2.595211393573700320e+01 2.909777802382353684e+01 1.909341984377104140e+01 2.839756595131060024e+01 2.310940508556651807e+01 3.018353525325675690e+01 4.018732881031398563e+01 3.291702788296243654e+01 2.290681238213881699e+01 1.790188306113278571e+01 1.436417198873286338e+01 1.461650059569946691e+01 2.462409295476859583e+01 1.629843970651264229e+01 1.689947718342403604e+01 1.750376753809263874e+01 2.750870618755956798e+01 2.377075489125621743e+01 2.824543847856784851e+01 3.402288644858812461e+01 4.402811187075063515e+01 4.654088871018203832e+01 5.068313524480029031e+01 5.645701828589309201e+01 5.078726801688617343e+01 4.078958309959394768e+01 4.153595390359527073e+01 3.800083213107355107e+01 4.507107567611704013e+01 5.506796752277332274e+01 6.014375197107842297e+01 6.514142675756625067e+01 6.347894612145442039e+01 5.349778796911955681e+01 5.814379267544033780e+01 6.227720887337882516e+01
2.595211393573700320e+01 1.594789254957440860e+01 2.595211393573700320e+01 1.666709740071449275e+01 1.839328738542021568e+01 2.839756595131060024e+01 3.725722368415296870e+01 3.896588694968355071e+01 3.706288124347234003e+01 3.205795510007600058e+01 2.791192013255064808e+01 2.403610972459218686e+01 1.402817530202008989e+01 2.403610972459218686e+01 2.630460947123968296e+01 2.690504176353626065e+01 2.750870618755956798e+01 1.992936628296477153e+01 2.993556611904111975e+01 3.444540574286552470e+01 3.858990418762158470e+01 4.817192174633349566e+01 4.521076297490435536e+01 4.935486983908982239e+01 5.382916767103093036e+01 5.492714928740678459e+01 4.785930882793670804e+01 5.153353251492158194e+01 4.377387689328661935e+01 4.247287060253835023e+01 4.600752846634523507e+01 5.100586771353391669e+01 6.100273679991542508e+01 6.761180581501625397e+01 5.814379267544028096e+01 4.816255867831834081e+01 5.437124082805988934e+01
2.164777273495310084e+01 1.457393653978960479e+01 2.270400906888402659e+01 1.430938501676061314e+01 2.431333632946156342e+01 3.246448459848583212e+01 3.603551144823594399e+01 2.896123475901616473e+01 3.603551144823594399e+01 3.342775815637066472e+01 2.764950678938435757e+01 2.350404129111649354e+01 1.380804399190142639e+01 1.958530802676146720e+01 2.666278184571444854e+01 3.667147924048232710e+01 3.408027288688225553e+01 2.993556611904111975e+01 2.251215350489277967e+01 2.443776883495505814e+01 3.444540574286552470e+01 4.020806206174111708e+01 3.520536114858252574e+01 3.968019561661254357e+01 4.675472634184101395e+01 5.675959988022768954e+01 5.785598680095629476e+01 5.791048560039699566e+01 5.377085620243298081e+01 5.246990898794693692e+01 5.600430225650759297e+01 6.014375197236373793e+01 6.514142710918643786e+01 6.629285766706078675e+01 5.631233211193678301e+01 5.144786564862332767e+01 4.439092396278006447e+01
