final code/sample_topo2_bedrock__elevation.txt
ncols 100
nrows 100
xllcorner 0.0
yllcorner 0.0
cellsize 10.0
[rows 68 to 84 of 100, columns 37 to 73 of 100]
5.000839042646994130e+02 5.000093843320723295e+02 5.000482415466592556e+02 5.000241166141186113e+02 5.000513294614746087e+02 5.000655018018294413e+02 5.000432738264684076e+02 5.000444382819543421e+02 5.000304071558142596e+02 5.000487190105934019e+02 5.000621582779264713e+02 5.000995269830347070e+02 5.000116036173654948e+02 5.000991152019197443e+02 5.000563658016835689e+02 5.000565764665843744e+02 5.000829927025001780e+02 5.000588906693107560e+02 5.000870396240778746e+02 5.000812758301822214e+02 5.000269579714507131e+02 5.000809457458259999e+02 5.000697400111504294e+02 5.000451956440728623e+02 5.000010268850970192e+02 5.000676600854428102e+02 5.000696611896366335e+02 5.000998940143768436e+02 5.000822446627377644e+02 5.000150235077097705e+02 5.000940946726557286e+02 5.000567708867873193e+02 5.000207179969556250e+02 5.000798521283883815e+02 5.000432235139775230e+02 5.000955502120090159e+02 5.000380130900362019e+02
5.000303734661937369e+02 5.000359712720777452e+02 5.000433178053848451e+02 5.000489834046205146e+02 5.000567108708170281e+02 5.000535312477763341e+02 5.000046232108313689e+02 5.000841576022083927e+02 5.000314414721657954e+02 5.000392709390156938e+02 5.000376021821218160e+02 5.000269199909022859e+02 5.000670114514276179e+02 5.000886635324268354e+02 5.000089971245726588e+02 5.000487763873637164e+02 5.000607331473991053e+02 5.000373991556963915e+02 5.000862106074924895e+02 5.000235020391727403e+02 5.000026906891436624e+02 5.000070516606332944e+02 5.000713698230326827e+02 5.000199376361340455e+02 5.000215757091404498e+02 5.000313086779223681e+02 5.000952264486107310e+02 5.000590761126125585e+02 5.000116698646789928e+02 5.000892722416513152e+02 5.000677019503827410e+02 5.000819790530260320e+02 5.000334311294132021e+02 5.000001082683745040e+02 5.000728331678135987e+02 5.000574807393555830e+02 5.000493200783787415e+02
5.000050850778879976e+02 5.000551691482204433e+02 5.000944251483850849e+02 5.000711211676018024e+02 5.000265903520743791e+02 5.000050463733412585e+02 5.000970021433088277e+02 5.000071369773291394e+02 5.000647905612078148e+02 5.000770723007262291e+02 5.000221726983821213e+02 5.000600815173199294e+02 5.000844911569815281e+02 5.000656500635560633e+02 5.000178678876380332e+02 5.000608698225516946e+02 5.000797440512747585e+02 5.000539177383399192e+02 5.000624437647982177e+02 5.000626053986436546e+02 5.000669802115140783e+02 5.000947150384325823e+02 5.000931092137867608e+02 5.000965732751876089e+02 5.000744926855219319e+02 5.000709077892215646e+02 5.000839584446282515e+02 5.000694655222363849e+02 5.000658411045673120e+02 5.000927780069460482e+02 5.000174205669912340e+02 5.000903731011881064e+02 5.000448210778577618e+02 5.000713801431211891e+02 5.000646507413154040e+02 5.000141390214037074e+02 5.000148515440251913e+02
5.000457136909960241e+02 5.000733702866748445e+02 5.000334428659319883e+02 5.000309919547501636e+02 5.000941655044046570e+02 5.000171825734344111e+02 5.000938125515835395e+02 5.000132888852394331e+02 5.000938636997613003e+02 5.000074030324413457e+02 5.000997439197529388e+02 5.000969283153636979e+02 5.000389077607726449e+02 5.000471960655576140e+02 5.000931219311042355e+02 5.000138766680878462e+02 5.000281410464918395e+02 5.000363689114369095e+02 5.000973614252338848e+02 5.000537025249366820e+02 5.000624794571979805e+02 5.000465200724514148e+02 5.000655596340120610e+02 5.000852572625452694e+02 5.000825344292860564e+02 5.000128027721137300e+02 5.000463274102485229e+02 5.000655498865357345e+02 5.000272403801186556e+02 5.000497012017466432e+02 5.000185333754306498e+02 5.000952512150240068e+02 5.000916765040754512e+02 5.000872151054100527e+02 5.000385547710758374e+02 5.000047935041229721e+02 5.000610133975307008e+02
5.000529671228410393e+02 5.000576531698238796e+02 5.000185480958220410e+02 5.000987750958902325e+02 5.000363451425950529e+02 5.000450867533953669e+02 5.000542930450101835e+02 5.000015092069388061e+02 5.000160312773141982e+02 5.000540012644005401e+02 5.000370465935183688e+02 5.000157143976805401e+02 5.000111757378294897e+02 5.000066774653832340e+02 5.000485395875382437e+02 5.000803169112343767e+02 5.000931861238817078e+02 5.000041484436644055e+02 5.000196319046464168e+02 5.000581081919915505e+02 5.000814166891192940e+02 5.000417362712016143e+02 5.000271828217218513e+02 5.000476006657557377e+02 5.000846972583379397e+02 5.000766523975131008e+02 5.000652169045868050e+02 5.000930614955601072e+02 5.000989783553827124e+02 5.000003937809444778e+02 5.000070339245497166e+02 5.000274631222480934e+02 5.000508093076164755e+02 5.000088997753320541e+02 5.000264399366905650e+02 5.000770215199403879e+02 5.000923452261262128e+02
5.000812600953557876e+02 5.000365676687748078e+02 5.000298789109833706e+02 5.000870264276358057e+02 5.000135911850039179e+02 5.000145127797199507e+02 5.000533886084958795e+02 5.000797458168742651e+02 5.000062730997354379e+02 5.000053062267978135e+02 5.000914597864019697e+02 5.000001685924233357e+02 5.000431658369944898e+02 5.000851370278871286e+02 5.000845689758754702e+02 5.000134780250425592e+02 5.000740779767430126e+02 5.000393284649506427e+02 5.000843015877253492e+02 5.000540040732099669e+02 5.000087129118190319e+02 5.000727086739605625e+02 5.000766436385875409e+02 5.000109023102555170e+02 5.000358623475937634e+02 5.000909603700964681e+02 5.000036992384125938e+02 5.000968307849038297e+02 5.000162739549961088e+02 5.000537663250070750e+02 5.000957229547054794e+02 5.000537284428354496e+02 5.000235734894655479e+02 5.000599008876527023e+02 5.000844121046556552e+02 5.000453469086137375e+02 5.000216006830872288e+02
5.000423355827243199e+02 5.000542408871482962e+02 5.000044927754541391e+02 5.000780646408128405e+02 5.000627438408805006e+02 5.000852272943012622e+02 5.000348502738048637e+02 5.000182604166640772e+02 5.000027190916534892e+02 5.000445238134468013e+02 5.000417017423541779e+02 5.000745569826439123e+02 5.000023674478728708e+02 5.000972457605372483e+02 5.000837593236437897e+02 5.000966983309141938e+02 5.000102673537692795e+02 5.000408636499927297e+02 5.000104302535399370e+02 5.000889769320529581e+02 5.000138145046737463e+02 5.000181962433897525e+02 5.000709711048082227e+02 5.000786578723017328e+02 5.000236736937223441e+02 5.000380892083358617e+02 5.000443194383303762e+02 5.000686087347949069e+02 5.000165247928297845e+02 5.000577327336498570e+02 5.000061714282468870e+02 5.000942425407463929e+02 5.000459896454655677e+02 5.000133436148912551e+02 5.000225145793597790e+02 5.000356782353379685e+02 5.000179336138452868e+02
5.000945368686553820e+02 5.000370738653130047e+02 5.000195922742124139e+02 5.000665027728059613e+02 5.000999574646198198e+02 5.000068891991511464e+02 5.000680133463613402e+02 5.000591276068257116e+02 5.000869391198289691e+02 5.000990094722540107e+02 5.000301203029484896e+02 5.000307436230665985e+02 5.000110755229952133e+02 5.000820653255606203e+02 5.000472661317929806e+02 5.000753202698237487e+02 5.000598374829772865e+02 5.000667893042616470e+02 5.000877699313393236e+02 5.000172289159590377e+02 5.000529543517756110e+02 5.000387192176550570e+02 5.000495483574397895e+02 5.000715602706039249e+02 5.000060740411547044e+02 5.000165199714401751e+02 5.000216037431298446e+02 5.000689933799986306e+02 5.000325938412004803e+02 5.000971130228815014e+02 5.000836135346528408e+02 5.000838343208335459e+02 5.000313993110324873e+02 5.000076718011675894e+02 5.000290473681816366e+02 5.000302475782996794e+02 5.000242598800772384e+02
5.000431563369464243e+02 5.000948985652713645e+02 5.000689746909372388e+02 5.000318116881969672e+02 5.000557506525724420e+02 5.000530816859077277e+02 5.000234721494589962e+02 5.000561749313735049e+02 5.000337792785333022e+02 5.000143096913352565e+02 5.000447776187369300e+02 5.000481762592727364e+02 5.000526029553187755e+02 5.000019191710503037e+02 5.000586338774542128e+02 5.000905118055123921e+02 5.000325248410135828e+02 5.000264411579622106e+02 5.000458786209203481e+02 5.000656764592488344e+02 5.000731740418979712e+02 5.000036614375462705e+02 5.000973035495694603e+02 5.000657456672267926e+02 5.000267159100648087e+02 5.000382482652768772e+02 5.000427872419076039e+02 5.000521591642636849e+02 5.000236845419928500e+02 5.000040202121457469e+02 5.000567854312015470e+02 5.000421266052289297e+02 5.000457898600325279e+02 5.000742184449841261e+02 5.000201136632530847e+02 5.000228615171278648e+02 5.000363572987504313e+02
5.000317278604070452e+02 5.000178614236031081e+02 5.000346562743839627e+02 5.000958046058673290e+02 5.000002031545882915e+02 5.000875806842522024e+02 5.000258887036383726e+02 5.000954043775536206e+02 5.000125848831845019e+02 5.000535976538571958e+02 5.000286947092663468e+02 5.000332248537322357e+02 5.000628836469327894e+02 5.000784851019728308e+02 5.000474865078328435e+02 5.000645039245509906e+02 5.000436778588528455e+02 5.000494583310620555e+02 5.000952277837727138e+02 5.000602973466239973e+02 5.000415725590686407e+02 5.000216713353610203e+02 5.000192552297065731e+02 5.000579933755085449e+02 5.000555862483556098e+02 5.000134792868360591e+02 5.000627554329954023e+02 5.000791159975806863e+02 5.000193947843495721e+02 5.000020462457738972e+02 5.000721463429968594e+02 5.000376553601436171e+02 5.000920199812793498e+02 5.000439346972317480e+02 5.000401733022715689e+02 5.000062506262924558e+02 5.000290023393800425e+02
5.000748409105943892e+02 5.000404216896271237e+02 5.000750802211238693e+02 5.000349677047771024e+02 5.000154522345089276e+02 5.000383126080529905e+02 5.000141017926036966e+02 5.000208910793800783e+02 5.000463200523811906e+02 5.000781001327122794e+02 5.000103189322509820e+02 5.000508288612684851e+02 5.000893698486448784e+02 5.000325152025330908e+02 5.000067745138643431e+02 5.000223006809180788e+02 5.000689434267045499e+02 5.000365919911805577e+02 5.000231100006276392e+02 5.000403931825641166e+02 5.000177062583614997e+02 5.000293262803552921e+02 5.000357602268496748e+02 5.000462150647345538e+02 5.000340517127062867e+02 5.000878275025884818e+02 5.000596117181032128e+02 5.000261273434097120e+02 5.000202954133166600e+02 5.000454603766631863e+02 5.000859291588508881e+02 5.000792240650097824e+02 5.000157984692253876e+02 5.000577458707206233e+02 5.000954787526642917e+02 5.000962175134418430e+02 5.000305525397615156e+02
5.000989022085325360e+02 5.000710160612861728e+02 5.000185708169260010e+02 5.000158379242776618e+02 5.000294477682992351e+02 5.000060983486866917e+02 5.000657217179090139e+02 5.000336118909200991e+02 5.000832349181642940e+02 5.000518660247945490e+02 5.000571045259181346e+02 5.000171329653106227e+02 5.000381792666599381e+02 5.000353287244584521e+02 5.000856108267817035e+02 5.000155299492530503e+02 5.000181397725058332e+02 5.000877492006199532e+02 5.000902448838577357e+02 5.000936163619983859e+02 5.000248649807814445e+02 5.000368340454847385e+02 5.000525074649901285e+02 5.000684395162145961e+02 5.000961133025747927e+02 5.000635311053993064e+02 5.000015410725507081e+02 5.000089448692597784e+02 5.000076634200706280e+02 5.000874213193843048e+02 5.000140476125210398e+02 5.000456731453139128e+02 5.000952781300186416e+02 5.000484683925211016e+02 5.000079775321755164e+02 5.000975986054374403e+02 5.000959145326954172e+02
5.000802702977658782e+02 5.000013691849203497e+02 5.000190715730281568e+02 5.000983799059243893e+02 5.000146269556179277e+02 5.000109627817610090e+02 5.000479505054713059e+02 5.000256700742082216e+02 5.000326579338227475e+02 5.000901443133548128e+02 5.000024348933420697e+02 5.000264850437535529e+02 5.000247411796840993e+02 5.000184358473266570e+02 5.000380864837699733e+02 5.000478360864700562e+02 5.000344351638551075e+02 5.000002041915549285e+02 5.000449781913144420e+02 5.000007295322974983e+02 5.000761040040433727e+02 5.000211608154619398e+02 5.000397710484289178e+02 5.000115396305526474e+02 5.000882058247725013e+02 5.000535929354172708e+02 5.000978760286579359e+02 5.000109461009838014e+02 5.000287501178653429e+02 5.000742241861527191e+02 5.000258461006102948e+02 5.000704733708823255e+02 5.000386623525019445e+02 5.000376813841534158e+02 5.000285049007626981e+02 5.000814148390623473e+02 5.000960177002847900e+02
5.000965823393524943e+02 5.000490380971987179e+02 5.000512790097449738e+02 5.000464586666158198e+02 5.000346908873126495e+02 5.000991443666208625e+02 5.000827701465539690e+02 5.000257713777467075e+02 5.000175579663304575e+02 5.000491655953384793e+02 5.000795087418702565e+02 5.000963112738599534e+02 5.000108030542649544e+02 5.000093463821233968e+02 5.000020072959775348e+02 5.000713705526989088e+02 5.000537941817721048e+02 5.000888399623546547e+02 5.000333583933674504e+02 5.000945550995978692e+02 5.000197775463378207e+02 5.000532696610782750e+02 5.000239966557194293e+02 5.000807611799098709e+02 5.000912096620943998e+02 5.000681396934738245e+02 5.000577290397737329e+02 5.000168324446876795e+02 5.000700283859707156e+02 5.000307613836332052e+02 5.000619138489904572e+02 5.000342548971026986e+02 5.000085248824912014e+02 5.000681574843942485e+02 5.000394058301206996e+02 5.000544244468961210e+02 5.000743097426867507e+02
5.000312366806251703e+02 5.000884064065808730e+02 5.000257232278892161e+02 5.000889797546146269e+02 5.000329681135918349e+02 5.000583326902500971e+02 5.000351951414389191e+02 5.000068265593271235e+02 5.000508961355911310e+02 5.000612018414740874e+02 5.000720790797844870e+02 5.000345631748559185e+02 5.000287589724875374e+02 5.000277389566610964e+02 5.000104602732930061e+02 5.000921846951433736e+02 5.000192430084283046e+02 5.000076630315965076e+02 5.000922385206554281e+02 5.000034605133425316e+02 5.000160547866861975e+02 5.000126869286108331e+02 5.000022807409936263e+02 5.000769224731176905e+02 5.000626844418420660e+02 5.000152470313613549e+02 5.000943554882222202e+02 5.000353907896982264e+02 5.000565347016024589e+02 5.000737105860594056e+02 5.000672046830786144e+02 5.000637887970294742e+02 5.000394862591087417e+02 5.000503432124604615e+02 5.000971948236880849e+02 5.000943026384479708e+02 5.000264192425362921e+02
5.000246122870256613e+02 5.000062951832657632e+02 5.000526436321521260e+02 5.000599644528343788e+02 5.000683837835113081e+02 5.000856612442697156e+02 5.000594666327128834e+02 5.000727506528027675e+02 5.000249326505010004e+02 5.000345297603417976e+02 5.000155021410467384e+02 5.000165762190947021e+02 5.000691550895972455e+02 5.000529765079469371e+02 5.000591614706921177e+02 5.000716053066298628e+02 5.000525514245214822e+02 5.000360696448753401e+02 5.000027477680058041e+02 5.000402951621185821e+02 5.000219123730043407e+02 5.000064618765472346e+02 5.000310829491106688e+02 5.000509768955797085e+02 5.000334774384396610e+02 5.000131941139693481e+02 5.000819515811025440e+02 5.000389952974016410e+02 5.000902714538652276e+02 5.000546268465369621e+02 5.000493110429367789e+02 5.000253499327382656e+02 5.000843388786584569e+02 5.000054340701061619e+02 5.000698648478862083e+02 5.000969835745325440e+02 5.000783982545511890e+02
5.000994966616541433e+02 5.000780727431862260e+02 5.000091951287058123e+02 5.000038354765320037e+02 5.000521232403510226e+02 5.000467567085820519e+02 5.000936189468948783e+02 5.000317048280220433e+02 5.000890631295326330e+02 5.000017922868228766e+02 5.000539193920251364e+02 5.000127983771998856e+02 5.000599815284418241e+02 5.000600078881197419e+02 5.000200923774351622e+02 5.000808895478166960e+02 5.000639077380563435e+02 5.000390498727540489e+02 5.000817486752670789e+02 5.000073073959929957e+02 5.000789630687687009e+02 5.000134459711852060e+02 5.000288484024033551e+02 5.000834615305961393e+02 5.000445537668625207e+02 5.000609158105028200e+02 5.000124973868384473e+02 5.000588710740368583e+02 5.000721000526401667e+02 5.000954355398446864e+02 5.000681918605752116e+02 5.000286914688720685e+02 5.000796651517846385e+02 5.000055661520734134e+02 5.000069832884051948e+02 5.000411524848900058e+02 5.000795463503575320e+02
