final code/sample_topo2_topographic__elevation.txt
ncols 100
nrows 100
xllcorner 0.0
yllcorner 0.0
cellsize 10.0
[rows 68 to 84 of 100, columns 0 to 36 of 100]
3.474999955651238842e-02 4.324649147177927944e+01 3.324649405243654599e+01 3.617542548471404729e+01 3.138439839987229263e+01 2.431333084794478694e+01 2.376227823164644803e+01 2.929014179636324045e+01 3.343227576425392300e+01 3.504379201459812521e+01 3.090165892823785043e+01 3.354229818168891342e+01 2.940016522726093484e+01 2.446752229963176362e+01 1.478885255953209388e+01 4.788861818883185961e+00 1.472426964735878840e+01 4.724267790860604777e+00 1.472426964735878840e+01 1.501374966213893103e+01 1.513370230178407283e+01 6.269622057681404570e+00 7.500536967474741523e+00 1.750054200319609166e+01 2.062432329560485300e+01 1.596954184907419005e+01 2.596955535086298994e+01 3.053672287640242899e+01 3.467886633610520164e+01 3.772669560865629990e+01 3.065555620164419537e+01 3.756554195339622026e+01 2.756541754867399874e+01 2.179187806775175673e+01 1.679186954090462436e+01 2.679192275207595486e+01 3.362612794673572836e+01
4.228991416757432731e-02 4.324649147177927944e+01 3.324649405243654599e+01 2.617542647079642748e+01 3.117542597775525337e+01 2.798877517253468739e+01 1.798877555610695467e+01 1.929014228931675490e+01 2.765877394959906965e+01 3.090165892823785043e+01 2.090165993490896312e+01 2.383059182819636845e+01 1.940016638411866268e+01 2.032539794813408918e+01 1.032540792398707907e+01 4.551905638692180567e+00 1.443494384516552032e+01 4.604410575612128298e+00 1.460441184726383490e+01 1.778582335447432428e+01 7.785818144839717903e+00 1.626962647352770830e+01 1.750054200319609166e+01 9.311251888350939865e+00 1.062431621701506046e+01 2.062432329560485300e+01 2.421215493409435382e+01 2.053670291931344494e+01 2.760778290750966590e+01 3.760780947267998897e+01 4.065567584124147515e+01 4.170771152645768609e+01 3.213719653949691235e+01 2.213710496398051220e+01 2.679192275207595486e+01 1.995414889678706416e+01 2.995422423687063684e+01
2.893750891725621610e-02 4.369938287832884782e+01 3.950187496690806199e+01 3.117542597775525337e+01 2.117542647909338882e+01 3.117542597775525337e+01 2.351663938907385187e+01 1.351663960153007160e+01 2.008666775909562574e+01 2.422880255614243339e+01 2.383059182819636845e+01 1.383059217126251284e+01 1.848536717332454060e+01 1.123520068555556861e+01 1.416413277908520030e+01 4.315215104526607170e+00 4.434943390179251210e+00 1.443494384516552032e+01 1.874654875954423261e+01 1.887047628058729742e+01 8.870470433934274368e+00 1.887047628058729742e+01 2.345340030237294826e+01 1.931125803751820058e+01 2.062432329560485300e+01 1.268715871166996223e+01 1.421214441991657473e+01 2.421215493409435382e+01 2.876952537969890500e+01 3.291166983169186722e+01 3.868518643521882439e+01 3.920835299423659848e+01 2.920822763428163427e+01 3.213719653949691235e+01 2.627873606479437640e+01 2.995422423687063684e+01 2.403664313994376300e+01
5.125576366486798985e-02 3.955725052602070235e+01 2.955725236493168495e+01 2.535974290019831301e+01 1.828867513325452521e+01 2.463719119008687741e+01 2.765877394959906965e+01 2.008666775909562574e+01 1.008666789868399150e+01 1.700060080293172859e+01 2.114273576775860164e+01 1.848536717332454060e+01 8.485367334168628872e+00 1.401323129025645287e+01 4.164132879067827808e+00 1.416413277908520030e+01 1.443494384516552032e+01 9.434943411593319951e+00 1.943494427873790187e+01 2.301261902925952540e+01 1.887047628058729742e+01 1.045160926405335822e+01 2.045161621398794694e+01 2.621597649911554129e+01 2.682931087018989302e+01 1.975823003015607426e+01 2.421215493409435382e+01 1.663750073645091376e+01 1.876950809045176172e+01 2.454301673509115034e+01 3.454304355754763378e+01 4.335051815711646839e+01 3.920835299423659848e+01 3.627885439717788074e+01 3.334988395844922593e+01 3.817892794169470960e+01 2.981019589466405506e+01
8.534095332704738635e-02 3.846335296821020222e+01 2.846335446991164986e+01 2.139228674001974184e+01 1.730980383570767955e+01 1.463719141658428136e+01 2.209718870761351894e+01 2.055415523406480816e+01 1.700060080293172859e+01 7.000600899442220637e+00 1.533393415235000035e+01 1.800458494512825069e+01 1.386244992526832931e+01 4.013231379186234626e+00 1.401323129025645287e+01 7.943777609158860997e+00 1.501484540947387458e+01 1.943494427873790187e+01 1.575949902262250291e+01 2.575950059100961909e+01 2.459375990017288416e+01 2.045161621398794694e+01 1.207382347568753289e+01 1.784732765984364278e+01 2.491840437156475829e+01 2.975824849777787051e+01 2.965263370423930311e+01 1.965261470492609419e+01 2.876952537969890500e+01 2.242099367350036943e+01 2.949207688112618797e+01 3.949210726212530886e+01 4.529933622237376767e+01 4.627896935151549229e+01 4.335001455414683846e+01 4.395249901296126893e+01 3.981033334486447473e+01
5.796984041005667082e-02 3.885680760604788730e+01 2.885680915139787572e+01 2.308330652019778029e+01 2.730980352659811672e+01 2.209718870761351894e+01 1.209718887658051756e+01 1.055415537695961703e+01 9.063443391959779660e+00 1.533393415235000035e+01 5.333934232775572326e+00 1.371171995408914235e+01 3.862450003335638815e+00 1.386244992526832931e+01 1.815536622790704513e+01 1.095889105493170135e+01 2.095889082482371535e+01 2.915697868357339573e+01 2.283056789932870245e+01 2.990163541143288128e+01 2.377634654766794142e+01 1.377633653946528547e+01 2.207383177669015240e+01 2.621597649911554129e+01 3.111483230535892375e+01 3.906057595947532235e+01 3.298597550288353375e+01 2.298595010695084184e+01 3.298597550288353375e+01 3.242101796764936950e+01 2.668501451016975068e+01 3.115716310280938472e+01 3.822825743397978471e+01 4.822828037021152880e+01 4.812985322689223722e+01 4.398931712813746486e+01 4.812985322689223722e+01
9.041221178575080397e-02 4.299894013588251340e+01 3.722543933795133597e+01 3.308330580635987417e+01 2.451348147273038336e+01 1.744241371381121297e+01 2.209718870761351894e+01 2.055415523406480816e+01 1.906344327036648068e+01 1.947606919011843729e+01 1.371171995408914235e+01 3.711720021467964870e+00 1.371171995408914235e+01 1.386244992526832931e+01 2.386244936156953145e+01 2.095889082482371535e+01 1.595889105395874097e+01 2.595889059568865065e+01 3.283056961854358491e+01 3.084742859035027607e+01 2.084740846493605915e+01 2.377634654766794142e+01 1.557238957191146156e+01 1.697266967939852123e+01 2.697268383697646144e+01 3.317768033839844577e+01 3.712811929399260436e+01 3.298597550288353375e+01 3.005703436106204407e+01 4.005706493086142927e+01 3.168502917278023290e+01 4.082718802089928545e+01 4.529933622256857717e+01 5.105811894529808370e+01 4.106132354182328470e+01 3.399255416999950796e+01 3.864582256228308665e+01
8.029406028710217580e-02 4.425057106758382020e+01 4.132163887944896885e+01 3.865561363762765978e+01 3.158454755517906065e+01 2.321591638938924262e+01 3.054906849589158213e+01 2.054906905713160370e+01 1.477556637337850276e+01 1.030343041855410036e+01 6.767896512623096328e+00 3.605618852454759882e+00 1.345566190910352944e+01 1.522342885123839906e+01 1.936556398311474680e+01 2.436556368100960412e+01 2.595889059568865065e+01 2.228344634056130502e+01 3.228344518550130715e+01 3.498957644991894966e+01 3.084742859035027607e+01 2.873468490696915012e+01 1.873466756971371439e+01 2.697268383697646144e+01 1.903551231225941009e+01 2.480902100195565652e+01 3.188010757111958782e+01 4.188013784177953625e+01 4.005706493086142927e+01 4.419920422695127371e+01 3.875612334938186621e+01 4.582720072278191026e+01 5.059929388910605041e+01 4.645882873659162726e+01 4.812985322689223722e+01 3.864582256228308665e+01 2.864955439915667412e+01
4.037252567882113757e-02 3.425057106758325176e+01 3.132163887944839331e+01 3.839270669131447278e+01 3.735804902868456168e+01 3.321591557431150932e+01 3.469120246076978020e+01 2.891770067522263332e+01 2.444556513824047528e+01 2.030343028275228789e+01 1.676789642483278797e+01 1.330599083413878247e+01 3.455661958866010686e+00 5.223428911832364463e+00 1.022342891176069912e+01 1.729449671187531834e+01 2.729449633872363634e+01 3.228344518550130715e+01 3.228344518550130715e+01 4.228344069969908503e+01 3.450820309082181581e+01 2.450817625796618415e+01 2.580574471661006442e+01 3.057856667894123248e+01 2.057854603198288501e+01 3.057856667894123248e+01 3.730271750736543623e+01 4.040622439242989117e+01 4.394177075147358380e+01 4.808393985714862140e+01 4.875614493478103384e+01 5.223050655517570817e+01 4.223366732860089456e+01 3.646191111788493089e+01 4.111525150042304233e+01 3.587335660738535381e+01 2.587746574064808769e+01
8.575608572762147275e-02 3.425057106758325176e+01 2.425057106758267622e+01 3.047092633749068114e+01 4.047092633749124957e+01 4.124537660326382138e+01 3.624537686902362310e+01 3.062269682119578107e+01 2.062269730605172313e+01 1.355162951974003960e+01 7.778126828835937090e+00 3.305990873843698274e+00 1.330599083413878247e+01 1.522342885123839906e+01 8.110180257780452706e+00 1.811018017223673127e+01 2.533838168522299839e+01 3.050528340507592517e+01 3.464741640215294893e+01 4.042091699976145946e+01 3.865035291249866134e+01 3.028169279172990613e+01 3.580577203791367680e+01 3.391190922862490709e+01 2.391188157701680339e+01 2.316053614092852797e+01 3.316056236835346738e+01 3.040618817708618593e+01 3.394173553485154571e+01 3.971526328363468394e+01 4.971528732887924207e+01 5.637072255821807687e+01 5.059929388917683468e+01 4.111525150042304233e+01 3.111867005300608824e+01 2.823327224733721508e+01 3.389387526066676060e+01
3.010560449763687377e-02 3.047092633749068114e+01 2.047092633749028323e+01 3.047092633749068114e+01 3.100375908670693548e+01 3.514589471043834124e+01 2.710324173121507840e+01 2.210324176336269630e+01 2.210324176336269630e+01 2.192026194097280367e+01 1.320020478654166673e+01 3.200204819250175969e+00 1.027127262939311692e+01 2.027127252360042320e+01 1.811018017223673127e+01 1.119624725702201751e+01 2.119624713285062967e+01 2.050528385021985756e+01 2.627878650596680998e+01 3.627878553827520136e+01 4.442387436198476536e+01 4.028172352873792050e+01 4.391193867038516174e+01 3.391190922705002464e+01 2.838402636618635455e+01 3.316056236835346738e+01 2.593404027231392206e+01 3.593407224104005593e+01 4.394177075147358380e+01 4.808393985714862140e+01 5.385747265413518647e+01 6.075312143783602892e+01 5.111194198078730011e+01 4.111525150042094623e+01 4.031390025226741614e+01 3.031740539433089765e+01 3.803447496630860059e+01
1.140670907884745386e-02 2.758417499154245434e+01 1.758417499154205643e+01 2.393269127484121839e+01 2.100375908670653757e+01 3.100375908670693548e+01 2.710324173121507840e+01 1.710324179551030355e+01 1.210324179599891359e+01 1.710324177968089288e+01 1.309444240729774478e+01 3.094442433088450795e+00 1.309444240729774478e+01 2.121331608045192851e+01 2.533838168522301970e+01 2.119624713285062967e+01 1.473178116294295670e+01 2.473178097018367083e+01 3.464741514736023476e+01 4.042091278054629555e+01 3.938348860804435958e+01 3.524095278464413639e+01 3.938349090772857863e+01 4.252621416498061535e+01 3.415754941789758448e+01 4.007623146758000132e+01 3.593407224104005593e+01 3.001653360813295990e+01 3.448868699235885060e+01 4.026221445081144168e+01 5.026224035681208591e+01 5.075703742618544823e+01 5.075703750777893930e+01 4.364617832308862688e+01 3.364934398321720721e+01 4.031390025226741614e+01 4.031390025226741614e+01
4.940147565392236789e-02 3.172631061527360430e+01 2.393269127484121839e+01 1.393269127484082048e+01 2.098385215174327101e+01 2.512598777547442097e+01 2.823254186986418546e+01 2.409040624613303549e+01 1.710324177968089288e+01 7.103241796051076307e+00 1.283922745954883915e+01 2.988697787828663799e+00 7.071180692466477957e+00 1.284468338399330634e+01 2.284468330910454625e+01 2.887391496431293092e+01 2.473178097018367083e+01 2.050528385021985756e+01 2.627878650596677446e+01 3.627878551209248315e+01 3.438329801968038879e+01 2.524081520012354929e+01 3.438329909534203210e+01 4.015704848947987671e+01 4.415758177334026158e+01 4.829973704186451755e+01 4.415874277522362945e+01 3.579005931171185750e+01 4.001657016831879332e+01 4.863093561556638633e+01 5.440454213730163247e+01 5.075703641181593184e+01 4.076001498305417670e+01 3.742767652575574999e+01 4.364617832308862688e+01 4.778673653297704504e+01 5.031060209326643928e+01
3.101302940290096011e-02 3.363300653602509271e+01 2.807482689857236835e+01 2.098385215174327101e+01 1.098385215174286955e+01 2.098385215174327101e+01 2.245903917796788818e+01 1.409040624613263404e+01 1.683202616989885314e+01 1.268989054616734613e+01 2.839227468939676147e+00 1.283922745954883915e+01 1.298869776887914895e+01 2.121331608045192851e+01 2.698681860996242321e+01 2.426312239597238118e+01 2.356210232744861344e+01 2.770437792368701224e+01 3.464741514736023476e+01 2.991105095184842355e+01 2.576871671615325354e+01 2.024081397117914349e+01 2.601431956491221342e+01 3.601447840462268601e+01 3.829160463750982046e+01 4.243440199954526548e+01 4.480555760517485453e+01 4.579009131511599406e+01 4.993228045649965452e+01 5.415884834021138516e+01 5.891900241201234678e+01 4.892267773357869487e+01 5.075703750777893930e+01 4.319952885819396471e+01 5.156510028754783548e+01 4.950555438329087110e+01 4.528122993106904204e+01
1.303635835976315639e-02 2.363300653602452428e+01 2.363300653602452428e+01 1.909402978669712070e+01 9.094029786696722795e+00 1.909402978669712070e+01 1.831690355423673822e+01 8.316903554236336760e+00 1.254340086234008389e+01 2.689890546167301721e+00 1.268989054616734613e+01 1.283922745954883915e+01 2.283922739125221568e+01 2.713083288476919819e+01 2.133424104037387536e+01 1.426308925438089759e+01 1.356207360282344787e+01 2.193080578097728051e+01 2.648102095583255888e+01 2.233873171220671594e+01 1.576867794325751326e+01 2.283974951951454457e+01 3.283986904587862909e+01 3.666052923955635379e+01 2.829135722974785949e+01 3.666052923955475507e+01 3.480491784760663876e+01 4.187682315577803394e+01 4.342131782021861852e+01 4.756439279727040059e+01 5.228704223171502008e+01 5.891900241937465665e+01 5.733652854248214936e+01 5.319638340544929633e+01 5.157597294165753254e+01 4.450806636151303763e+01 3.536989640893141740e+01
2.550969840533044014e-02 2.363300653602452428e+01 1.363300653602412638e+01 1.729797676642936466e+01 7.297976766428963202e+00 1.729797676642936466e+01 1.653912532794486623e+01 1.239698970421335922e+01 2.543400862340039481e+00 1.254340086234008389e+01 3.447988589746207921e+00 1.344798990339552702e+01 1.475090978517070539e+01 1.889307439855944182e+01 1.635432082942630672e+01 7.192020835648529342e+00 7.788570821920423271e+00 1.778858304937124757e+01 1.925265685058194265e+01 1.233870623973911407e+01 2.233873171220671594e+01 2.576871671578535938e+01 3.576894583804988770e+01 3.251795910885498841e+01 2.251785098568515053e+01 3.066279044341153792e+01 2.773378404439895206e+01 3.525593810690001106e+01 3.342081089884864298e+01 3.814274643504941764e+01 4.582131969087081558e+01 5.082191255951202891e+01 5.470556887980213645e+01 4.970788175389723307e+01 4.556817759043269689e+01 3.744017929044242976e+01 3.037176171514518686e+01
5.398762161882948718e-02 2.322596831104915083e+01 1.322596831104875292e+01 7.308451215687338909e+00 5.582990915003872345e+00 1.558299091500391675e+01 1.225066477867192205e+01 2.396989704213315253e+00 1.239698970421335922e+01 1.668553648607159090e+01 1.344798990339552702e+01 4.209375577373089428e+00 4.750905938446972954e+00 1.475090978517070539e+01 6.354313019065136459e+00 1.635432082942630672e+01 1.778858304937124757e+01 8.642928479637188133e+00 9.252639240486882244e+00 1.925265685058194265e+01 2.015801833822548872e+01 3.015816585738935274e+01 3.049021525804241861e+01 2.634780021297984121e+01 1.873820623939438690e+01 2.066270713673544890e+01 2.289877511456774428e+01 2.525579772081975705e+01 2.814254909846412644e+01 3.167808350944703832e+01 3.667809599825640277e+01 4.667867991281200091e+01 5.056638175783395184e+01 4.056997342884236701e+01 3.557154279656475637e+01 3.203736477048840214e+01 2.915191024650411578e+01
