Fall2022/C:\Users\gsbir\Documents\EES_393\Export\sample_topo2_topographic__elevation.txt
ncols 100
nrows 100
xllcorner 0.0
yllcorner 0.0
cellsize 10.0
[rows 0 to 16 of 100, columns 0 to 36 of 100]
1.986147943445098818e+00 2.000900358771178666e+00 2.029155325090850948e+00 2.043464707689979232e+00 2.069696255694517539e+00 2.089041495029013262e+00 2.109501578900137453e+00 2.124620798609393013e+00 2.145547763620735626e+00 2.164759644963420993e+00 2.182847722841705806e+00 2.203202701489805015e+00 2.225874947458745812e+00 2.246610446380592041e+00 2.260974651887077247e+00 2.288662028595599196e+00 2.300619095060167485e+00 2.328933500689237768e+00 2.348158129085519796e+00 2.360786679439992763e+00 2.382105009927126815e+00 2.401593940230617008e+00 2.428485040952258700e+00 2.441871593942354757e+00 2.464078149849779908e+00 2.482889840911504997e+00 2.508859870730397290e+00 2.524462569859502903e+00 2.541207850706852955e+00 2.560591427267361109e+00 2.587036654025414162e+00 2.608556777789876602e+00 2.629067421152973871e+00 2.640236338382602188e+00 2.664971077566006485e+00 2.681553331552550379e+00 2.709175333707390720e+00
1.969094181860252313e+00 6.904667641637127318e+00 7.318881204010221353e+00 7.160698346995035379e+00 7.270088146736213730e+00 7.684301709109307765e+00 7.539679574219567471e+00 7.125466011846473435e+00 7.539679574219567471e+00 7.470516565615342941e+00 6.970516565615341165e+00 6.556303003242247129e+00 6.970516565615341165e+00 7.072185380350372697e+00 7.486398942723466732e+00 7.453409942963292067e+00 7.039196380590198032e+00 7.453409942963292067e+00 7.122490147851852527e+00 6.708276585478758491e+00 6.708276585478758491e+00 6.817666385219936842e+00 7.231879947593030877e+00 7.820978803274091007e+00 7.607376616051881868e+00 7.193163053678787833e+00 7.322919565675709563e+00 7.737133128048803599e+00 7.947595132720254973e+00 7.947595132720254973e+00 8.361808695093348121e+00 7.790091737585438381e+00 7.375878175212344345e+00 7.375878175212344345e+00 7.503777214772895832e+00 7.089563652399801796e+00 7.046735867035023304e+00
1.941926270890541817e+00 5.904667641637125541e+00 6.741530934820595178e+00 6.160698346995033603e+00 6.270088146736211954e+00 7.125466011846475212e+00 7.039679574219567471e+00 6.125466011846471659e+00 7.039679574219567471e+00 6.909048673533840557e+00 6.056303003242247129e+00 5.556303003242245353e+00 6.255688799422646440e+00 6.072185380350370920e+00 7.030760212152918243e+00 6.616546649779824207e+00 6.039196380590196256e+00 6.953409942963292067e+00 6.708276585478758491e+00 5.708276585478756715e+00 5.708276585478756715e+00 5.817666385219935066e+00 6.406765240900995195e+00 7.135972095260850523e+00 6.721758532887756488e+00 6.193163053678786056e+00 6.322919565675707787e+00 7.322919565675709563e+00 6.947595132720246980e+00 6.947595132720246980e+00 7.947595132720254973e+00 7.375878175212344345e+00 6.375878175212342569e+00 6.375878175212342569e+00 6.926426945583269656e+00 6.089563652399800020e+00 6.046735867035022416e+00
1.927253231617442442e+00 5.327317372447499366e+00 5.919069081983638014e+00 5.453591565808485697e+00 6.453591565808487474e+00 6.125466011846473435e+00 6.125466011846473435e+00 5.625466011846471659e+00 6.625466011846473435e+00 6.494835111160746521e+00 5.494835111160744745e+00 5.056303003242245353e+00 5.255688799422644664e+00 6.255688799422646440e+00 6.453409942963292067e+00 5.616546649779822431e+00 5.539196380590196256e+00 6.539196380590198032e+00 6.687832977978933613e+00 6.001169804292210586e+00 5.001169804292208809e+00 5.406765240900993419e+00 6.406765240900995195e+00 6.558621826071224348e+00 5.721758532887754711e+00 5.615812784489159881e+00 6.615812784489161658e+00 6.740488351533699074e+00 6.240488351533699074e+00 7.240488351533700850e+00 6.995253047843680960e+00 7.082116341027148820e+00 6.667902778654054785e+00 5.668771394025794663e+00 6.134248910200946980e+00 5.512213383210172957e+00 6.512213383210173845e+00
1.908678489253892829e+00 4.880103776947541050e+00 4.919069081983636238e+00 5.919069081983638014e+00 6.147447303943199159e+00 5.733233741570105124e+00 5.125466011846471659e+00 6.125466011846473435e+00 6.639781272894301978e+00 6.385445311419568171e+00 5.385445311419566394e+00 4.678338530233017600e+00 5.678338530233018489e+00 6.099856552370017226e+00 5.685642989996923191e+00 5.039196380590195368e+00 6.039196380590196256e+00 6.953409942963292067e+00 6.273619415605839578e+00 5.273619415605837801e+00 4.699658459714444625e+00 5.699658459714445513e+00 6.193473454401113187e+00 5.779259892028017376e+00 5.144408263698127648e+00 6.144408263698128536e+00 6.332240061069835946e+00 5.740488351533698186e+00 6.740488351533699074e+00 6.995253047843680960e+00 5.995253047843679184e+00 6.178756466915954704e+00 5.667902778654053009e+00 5.851406197726326752e+00 5.134248910200945204e+00 6.134248910200946980e+00 6.926426945583269656e+00
1.886390016851231977e+00 4.471855486483677922e+00 5.471855486483679698e+00 5.814113970609865234e+00 5.399900408236771199e+00 4.733233741570103348e+00 5.733233741570105124e+00 6.346888054080848107e+00 5.639781272894300201e+00 6.346888054080848107e+00 5.454731732483040219e+00 4.454731732483038442e+00 5.454731732483040219e+00 5.384131645419159895e+00 4.685642989996921415e+00 5.685642989996923191e+00 6.039196380590196256e+00 7.039196380590198032e+00 6.240172252183759483e+00 5.457122834678113321e+00 4.457122834678111545e+00 5.457122834678113321e+00 5.454817049766493398e+00 4.779259892028016488e+00 5.779259892028017376e+00 5.978686670476562881e+00 5.332240061069835058e+00 6.332240061069835946e+00 7.154701913906794886e+00 6.797401869863429980e+00 6.178756466915954704e+00 5.178756466915952927e+00 5.601406197726326752e+00 4.851406197726325864e+00 5.851406197726326752e+00 6.548462472574041016e+00 6.710425398689578103e+00
1.865128708705358296e+00 4.236153226088162249e+00 5.236153226088163137e+00 5.098389063659006126e+00 4.399900408236769422e+00 5.399900408236771199e+00 6.147447303943199159e+00 5.899674458580889791e+00 4.932674491707751407e+00 5.899674458580889791e+00 5.246217318425964393e+00 4.246217318425963505e+00 5.111966118443250551e+00 4.384131645419158119e+00 5.384131645419159895e+00 5.685642989996923191e+00 6.685642989996924967e+00 6.553794867438298866e+00 5.825958689810665447e+00 4.825958689810663671e+00 4.248608420621036608e+00 5.153305705188730101e+00 4.454817049766491621e+00 5.454817049766493398e+00 5.662458904459723996e+00 4.978686670476561105e+00 5.978686670476562881e+00 6.746453623442931757e+00 6.409774305559224672e+00 5.995560743186130637e+00 5.383188307490334168e+00 5.383188307490334168e+00 4.601406197726325864e+00 5.601406197726326752e+00 6.265619760099422564e+00 6.483969991860657700e+00 6.003318617503030197e+00
1.848815814286209003e+00 4.012546428338183091e+00 4.831127821746582285e+00 4.098389063659005238e+00 4.675739332848632301e+00 5.675739332848634078e+00 6.098431928914013866e+00 5.485460896207793979e+00 4.485460896207793091e+00 5.485460896207793979e+00 5.046217318425965104e+00 4.046217318425963327e+00 4.111966118443249663e+00 5.111966118443250551e+00 5.384131645419159895e+00 6.384131645419161671e+00 6.415119818381990413e+00 5.846688086251750960e+00 5.139581305065203054e+00 5.056158330891163288e+00 4.056158330891161512e+00 4.153305705188728325e+00 5.153305705188730101e+00 5.367574992149929614e+00 4.662458904459723108e+00 5.662458904459723996e+00 6.392900232849656916e+00 6.109691987968925986e+00 5.695478425595831951e+00 4.995560743186128860e+00 5.179064162258402604e+00 4.383188307490333280e+00 5.383188307490334168e+00 6.015619760099422564e+00 6.224076806174068111e+00 5.776863210674109794e+00 5.069756429487561888e+00
1.825278409358236154e+00 3.794328538102190507e+00 3.831127821746580508e+00 4.831127821746582285e+00 5.512602626032101938e+00 6.089952895221728113e+00 5.684218366540919831e+00 4.684218366540918055e+00 4.169233130190955094e+00 5.093903135113485803e+00 4.679689572740391768e+00 3.853767228696088232e+00 4.262015519159952248e+00 4.762015519159952248e+00 5.469122300346500154e+00 6.469122300346501930e+00 5.708013037195442507e+00 5.000906256008894601e+00 4.432474523878655148e+00 4.725367742692107242e+00 3.870462992714109429e+00 4.028576875722528428e+00 4.190798296853291305e+00 4.367574992149928725e+00 4.867574992149929614e+00 5.574681773336477519e+00 6.574681773336479296e+00 5.695478425595831951e+00 4.695478425595830174e+00 4.988371644409284045e+00 4.179064162258401716e+00 5.179064162258402604e+00 5.797401869863429980e+00 6.516970024987521981e+00 5.516970024987520205e+00 4.809863243800972299e+00 4.362649648301013983e+00
1.809681471340935932e+00 3.581127821746579620e+00 4.581127821746580508e+00 5.245341384119676320e+00 5.401262022126422480e+00 6.401262022126424256e+00 5.783286707371010138e+00 4.867721785613191798e+00 3.867721785613190910e+00 4.514168395019916957e+00 3.679689572740389991e+00 4.679689572740391768e+00 4.853767228696089120e+00 5.676229081533048060e+00 6.176229081533048060e+00 5.690402709936430270e+00 5.276189147563336235e+00 4.293799474822346696e+00 4.586692693635800566e+00 3.725367742692106798e+00 4.725367742692107242e+00 5.028576875722530204e+00 4.638011892353249621e+00 5.074681773336477519e+00 5.781788554523025425e+00 6.281788554523025425e+00 5.800330173945230428e+00 5.222979904755604252e+00 4.808766342382508441e+00 3.988371644409282712e+00 4.988371644409284045e+00 5.593277724631498415e+00 5.732673003773209430e+00 6.732673003773211207e+00 6.224076806174068111e+00 5.776863210674109794e+00 4.867725920577120391e+00
1.786462590325002653e+00 3.447497200790367256e+00 4.447497200790367700e+00 4.401262022126420703e+00 5.401262022126422480e+00 5.460436685440411608e+00 5.046223123067317573e+00 4.369073144997914326e+00 4.369073144997914326e+00 3.514168395019915625e+00 4.514168395019916957e+00 4.496186153668116248e+00 5.496186153668118024e+00 6.267980791069184932e+00 5.566842297293387531e+00 5.152628734920293496e+00 4.276189147563334458e+00 4.459692566635609978e+00 3.586692693635799234e+00 4.586692693635800566e+00 4.725367742692107242e+00 5.725367742692109019e+00 5.215362161542875796e+00 6.052225454726345433e+00 6.488895335709573331e+00 6.072348898555864238e+00 5.386116611572136392e+00 4.386116611572134616e+00 3.808766342382507553e+00 4.647601749577432884e+00 5.025566222586659748e+00 4.732673003773207654e+00 5.732673003773209430e+00 6.080170553508844833e+00 6.494384115881938868e+00 6.281939482950216203e+00 5.574832701763668297e+00
1.764507220163753942e+00 3.316190767930644157e+00 3.694155240939872797e+00 4.694155240939874574e+00 5.218008864651686451e+00 4.803795302278592416e+00 4.046223123067315797e+00 4.229726542139589540e+00 3.369073144997912994e+00 4.369073144997914326e+00 4.330664975947641437e+00 5.330664975947643214e+00 5.910399716041212059e+00 5.452134430358105632e+00 5.037920867985011597e+00 4.152628734920291720e+00 4.336132153992565463e+00 3.459692566635608202e+00 4.459692566635609978e+00 3.978924963912168433e+00 4.978924963912168877e+00 5.840352121785223005e+00 6.215362161542877573e+00 6.629575723915971608e+00 6.235485605372396378e+00 5.235485605372394602e+00 4.658135336182767539e+00 4.280170863173539786e+00 4.647601749577432884e+00 3.647601749577431107e+00 4.025566222586658860e+00 5.025566222586659748e+00 5.373063772322296927e+00 5.080170553508843057e+00 6.080170553508844833e+00 5.996001269218078633e+00 5.496001269218078633e+00
1.740920167922451078e+00 3.193099276951310905e+00 4.193099276951311793e+00 5.108368803312968609e+00 4.803795302278592416e+00 3.803795302278590640e+00 4.096688521092042734e+00 3.229726542139589096e+00 4.229726542139589540e+00 4.185569725925638807e+00 5.185569725925640583e+00 5.744878538320737249e+00 5.339979999539698596e+00 4.925766437166602785e+00 4.037920867985009821e+00 4.221424287057285341e+00 3.336132153992564575e+00 4.336132153992565463e+00 4.873906129008704013e+00 4.978924963912168877e+00 4.426138559412127194e+00 5.003488828601753369e+00 5.710595609788301275e+00 6.710595609788303051e+00 6.649699167745490413e+00 6.072348898555864238e+00 5.658135336182768427e+00 5.280170863173541562e+00 4.540390496093651862e+00 3.540390496093651418e+00 4.540390496093651862e+00 4.925850176822336834e+00 4.373063772322295151e+00 5.080170553508843057e+00 6.080170553508844833e+00 5.581787706844984598e+00 4.581787706844982822e+00
1.723275978094226168e+00 3.071831464433143921e+00 4.071831464433145698e+00 4.844137079886211339e+00 4.382865203532240628e+00 3.968651641159145260e+00 3.096688521092040958e+00 4.096688521092042734e+00 3.936833323326137890e+00 4.936833323326139222e+00 5.599783288298734618e+00 5.233379641361892709e+00 4.819166078988798674e+00 3.925766437166601452e+00 4.109269856238874752e+00 3.221424287057283564e+00 4.221424287057285341e+00 3.701280525662676624e+00 4.701280525662678400e+00 5.523742378499635564e+00 5.426138559412128970e+00 5.133245340598675099e+00 6.133245340598676876e+00 6.278826718320503986e+00 5.831613122820545669e+00 5.417399560447449858e+00 5.101171794430612749e+00 4.823821696317997620e+00 4.434981240754705567e+00 3.434981240754705123e+00 4.434981240754705567e+00 3.925850176822336390e+00 4.925850176822336834e+00 5.373063772322296927e+00 6.373063772322298703e+00 5.996001269218078633e+00 5.496001269218078633e+00
1.701604474431626990e+00 2.952308603499704365e+00 3.952308603499705253e+00 3.844137079886209563e+00 3.844137079886209563e+00 2.968651641159144372e+00 3.968651641159145260e+00 4.096688521092042734e+00 4.936833323326139222e+00 5.351046885699235034e+00 5.128837966664029580e+00 4.714624404290935544e+00 3.819166078988796897e+00 4.002669498061070641e+00 3.109269856238874308e+00 4.109269856238874752e+00 4.635637849430379376e+00 4.701280525662678400e+00 4.109528816126539752e+00 4.816635597313087658e+00 5.816635597313089434e+00 6.133245340598676876e+00 6.547458902971770911e+00 5.571719937133956080e+00 4.864613155947407286e+00 4.417399560447448970e+00 4.101171794430610973e+00 3.823821696317996732e+00 3.573821696317995844e+00 3.331286071281662320e+00 3.560701805152224786e+00 4.560701805152225674e+00 4.925850176822336834e+00 5.925850176822338611e+00 5.645274445307270739e+00 5.231060882934176703e+00 5.374781890914954730e+00
1.689888620230072247e+00 2.834457473301946084e+00 3.834457473301950081e+00 3.723751226800439795e+00 2.844137079886206010e+00 3.844137079886209563e+00 3.785148222086872849e+00 4.785148222086874625e+00 5.510902083465138546e+00 4.919697233312087192e+00 4.505483670938993157e+00 3.714624404290933768e+00 3.898127823363209288e+00 3.002669498061068865e+00 4.002669498061070641e+00 3.535671288950096525e+00 4.242778070136644430e+00 5.242778070136646207e+00 5.109528816126541528e+00 4.644051299951389211e+00 5.351158081137937117e+00 6.351158081137938893e+00 6.985933499507051891e+00 6.278826718320503986e+00 5.831613122820545669e+00 5.417399560447449858e+00 5.101171794430612749e+00 4.823821696317997620e+00 4.243580269350960776e+00 3.243580269350959000e+00 4.243580269350960776e+00 4.560701805152225674e+00 5.560701805152227450e+00 5.645274445307270739e+00 5.067924176117644564e+00 4.231060882934174927e+00 4.667675109728405047e+00
1.660163574529918362e+00 2.718209834558126481e+00 3.605073060981053956e+00 2.723751226800436243e+00 3.723751226800439795e+00 3.551243861072755692e+00 4.551243861072757468e+00 5.199361784459968661e+00 5.115231975423293775e+00 4.505483670938993157e+00 3.505483670938991381e+00 3.798376889752445251e+00 2.898127823363205291e+00 3.898127823363209288e+00 4.416883060434164676e+00 4.535671288950098301e+00 4.070193772774945984e+00 4.647544041964572159e+00 5.647544041964573935e+00 5.221401569141015386e+00 6.058264862324485023e+00 6.603356331091976728e+00 6.026006061902350552e+00 5.611792499529256517e+00 5.741549011526178248e+00 5.499013386489846056e+00 5.441326322774724389e+00 4.441326322774722613e+00 3.734219541588174707e+00 3.156869272398546755e+00 3.863976053585096437e+00 4.863976053585098214e+00 5.627090677365567117e+00 5.231060882934176703e+00 4.231060882934174927e+00 3.653710613744547864e+00 4.153710613744546976e+00
