Fall2022/C:\Users\gsbir\Documents\EES_393\Export\sample_topo2_bedrock__elevation.txt
ncols 100
nrows 100
xllcorner 0.0
yllcorner 0.0
cellsize 10.0
[rows 51 to 67 of 100, columns 0 to 36 of 100]
9.647904141496750352e-01 5.009859080342613993e+02 5.010037764949310031e+02 5.010219758059089941e+02 5.010410516245606800e+02 5.010689575566795497e+02 5.010810887681655572e+02 5.011064738410336759e+02 5.011280615133434821e+02 5.011438803795039121e+02 5.011645773257808401e+02 5.011843985939942172e+02 5.012073345122831824e+02 5.012232827776581416e+02 5.012462739935286322e+02 5.012639962646784397e+02 5.012893781906241770e+02 5.013090504337503717e+02 5.013244174906490684e+02 5.013491791508261031e+02 5.013633554631379070e+02 5.013810944355628294e+02 5.014072190992795868e+02 5.014256136718440757e+02 5.014423499772094033e+02 5.014604588398671581e+02 5.014808521583249785e+02 5.015045200390104014e+02 5.015205107467655807e+02 5.015462776164742991e+02 5.015673371660439557e+02 5.015851293285379029e+02 5.016062804047259647e+02 5.016290822654237900e+02 5.016468965035211909e+02 5.016677091163422801e+02 5.016890642046657263e+02
9.429902125950823111e-01 5.009685336908629552e+02 5.009855957132581352e+02 5.010003470671777563e+02 5.010272664851181048e+02 5.010486337866116742e+02 5.010675822637480792e+02 5.010838400254853013e+02 5.011028973406301361e+02 5.011234453533390365e+02 5.011451558541392046e+02 5.011693689412234107e+02 5.011809424559290846e+02 5.012000020827036337e+02 5.012277537950702140e+02 5.012448402791915214e+02 5.012647667265110272e+02 5.012839469175091835e+02 5.013082808438321081e+02 5.013213052006851740e+02 5.013437790076259830e+02 5.013632039527686288e+02 5.013858612902465666e+02 5.014066219467970882e+02 5.014296993044803230e+02 5.014440499618502258e+02 5.014646507504292572e+02 5.014850982991247292e+02 5.015019121811010905e+02 5.015272802397981877e+02 5.015491434752435111e+02 5.015660468307277711e+02 5.015898422973256174e+02 5.016034413962587450e+02 5.016289908829807587e+02 5.016431825744472803e+02 5.016674101399505616e+02
9.236762399499945930e-01 5.009496390567089179e+02 5.009658402168099656e+02 5.009815199534041881e+02 5.010008410551249085e+02 5.010284870986664600e+02 5.010403425307739553e+02 5.010645586421667872e+02 5.010825698812001860e+02 5.011049111860852463e+02 5.011279220170630992e+02 5.011412558874797014e+02 5.011647791547663928e+02 5.011840728296615453e+02 5.012026567159211368e+02 5.012229322498936313e+02 5.012436420026647852e+02 5.012662066184571472e+02 5.012825591858536427e+02 5.013091596575937388e+02 5.013210083846082625e+02 5.013434275997444729e+02 5.013679814402158286e+02 5.013883068630072444e+02 5.014066382904762236e+02 5.014229121092109267e+02 5.014448170624331169e+02 5.014633569190355047e+02 5.014890242394664028e+02 5.015017099548398960e+02 5.015285791199645473e+02 5.015403949324658583e+02 5.015674354271831703e+02 5.015884625234776877e+02 5.016086118994921890e+02 5.016233635630148910e+02 5.016420807716150421e+02
9.041048782409918383e-01 5.009259181030658965e+02 5.009458606996351477e+02 5.009636615154818173e+02 5.009879249965593999e+02 5.010090651812246847e+02 5.010236031600822457e+02 5.010490016885257205e+02 5.010679235056372249e+02 5.010848590355881811e+02 5.011059077084437945e+02 5.011290664318466384e+02 5.011407610300747706e+02 5.011630244291133636e+02 5.011857784909536235e+02 5.012030404381998210e+02 5.012294327544315706e+02 5.012473990349296287e+02 5.012615136760049950e+02 5.012805405672700090e+02 5.013011570187276789e+02 5.013290321015724089e+02 5.013416872946822878e+02 5.013655558538526975e+02 5.013868957083907958e+02 5.014036838531188778e+02 5.014203321137850367e+02 5.014410083265631783e+02 5.014665844824448868e+02 5.014815826924850057e+02 5.015095946762821768e+02 5.015201591224767412e+02 5.015495629148113039e+02 5.015672379545666786e+02 5.015872333199694140e+02 5.016015453885079296e+02 5.016274814964414759e+02
8.832606082311463824e-01 5.009071326716892258e+02 5.009271045901820685e+02 5.009426172023649428e+02 5.009601257818941349e+02 5.009861863084244078e+02 5.010083903467397590e+02 5.010250581664175229e+02 5.010400913491117194e+02 5.010673304520529996e+02 5.010801662175908859e+02 5.011004386152580423e+02 5.011207150350027746e+02 5.011415401960712188e+02 5.011631126298956360e+02 5.011800319240115300e+02 5.012063165356041168e+02 5.012292626476693727e+02 5.012421566038876222e+02 5.012667167857237587e+02 5.012840179708336450e+02 5.013091033446347637e+02 5.013215345786077819e+02 5.013474174492849897e+02 5.013677878163535411e+02 5.013892177706027837e+02 5.014057476797033246e+02 5.014247343596524615e+02 5.014421613028814022e+02 5.014639177005548163e+02 5.014824048335467523e+02 5.015048070242987706e+02 5.015233385452655170e+02 5.015498113315500746e+02 5.015611358387585028e+02 5.015878758929724199e+02 5.016002661999833094e+02
8.626398309786649232e-01 5.008865730102749581e+02 5.009049240780420860e+02 5.009200155801898404e+02 5.009435550245660806e+02 5.009661553323178396e+02 5.009889179815899070e+02 5.010053109028189056e+02 5.010229649485453933e+02 5.010498549462818687e+02 5.010677801539715119e+02 5.010832719459546638e+02 5.011025179610552982e+02 5.011275396895400718e+02 5.011461175394898646e+02 5.011658989318916042e+02 5.011890844922603492e+02 5.012033375114938849e+02 5.012281966249668699e+02 5.012417156117252262e+02 5.012677255863959545e+02 5.012876727384363562e+02 5.013067980356163957e+02 5.013237491151699032e+02 5.013496573422161191e+02 5.013672767402771342e+02 5.013847443124046777e+02 5.014054372012442968e+02 5.014251374569686845e+02 5.014444834211841453e+02 5.014658179804951601e+02 5.014845295307569586e+02 5.015038217948761599e+02 5.015247538898366315e+02 5.015484456935384401e+02 5.015607835035091853e+02 5.015861993862216650e+02
8.447850761396709096e-01 5.008600305179148222e+02 5.008823952725637696e+02 5.009060024267195672e+02 5.009239628702997038e+02 5.009434581730938021e+02 5.009696848098897135e+02 5.009886053792720872e+02 5.010084454487522407e+02 5.010291371383444812e+02 5.010477314418199057e+02 5.010648767765724187e+02 5.010841210569482769e+02 5.011039257417480144e+02 5.011213869211825909e+02 5.011494914530917981e+02 5.011609513928431170e+02 5.011852427619019750e+02 5.012022596673134558e+02 5.012229023288206804e+02 5.012432784388624327e+02 5.012668145804707933e+02 5.012832704436792142e+02 5.013075163703352928e+02 5.013234205752116850e+02 5.013488789297742869e+02 5.013665988873841002e+02 5.013878534848186064e+02 5.014090571313556666e+02 5.014271721157409161e+02 5.014475361712687800e+02 5.014620168679680887e+02 5.014896264061005695e+02 5.015005085619123975e+02 5.015282429297403155e+02 5.015424182522829142e+02 5.015686813604866643e+02
8.259151478241103517e-01 5.008476518963727813e+02 5.008647455242822844e+02 5.008864683630588956e+02 5.009027970555789580e+02 5.009216320673067457e+02 5.009427255192852044e+02 5.009675878953489132e+02 5.009835824844822696e+02 5.010006635856631192e+02 5.010251662855213795e+02 5.010474814341710612e+02 5.010688141302861141e+02 5.010817340211640953e+02 5.011043805364110426e+02 5.011208961602898739e+02 5.011448327620166197e+02 5.011695962344003306e+02 5.011897517379947544e+02 5.012035148957373281e+02 5.012229097314020692e+02 5.012412650381804156e+02 5.012669998565378364e+02 5.012842316561497000e+02 5.013096261268836997e+02 5.013204062444194165e+02 5.013493068084165429e+02 5.013666049521682453e+02 5.013881949988465863e+02 5.014091744611872628e+02 5.014235972403960204e+02 5.014424989760711924e+02 5.014638930218802102e+02 5.014899824941144288e+02 5.015004289424927038e+02 5.015285228787832921e+02 5.015471568291765720e+02
8.090096679082281472e-01 5.008206920503428705e+02 5.008418934183524129e+02 5.008672201135462387e+02 5.008846127382332725e+02 5.009045758012798046e+02 5.009296761029320919e+02 5.009448467948969892e+02 5.009641819664456079e+02 5.009805870629843412e+02 5.010043431669848815e+02 5.010289158968342349e+02 5.010411993943262132e+02 5.010649874609599692e+02 5.010819904596070842e+02 5.011096561004941350e+02 5.011215978387254495e+02 5.011415191252011141e+02 5.011633902046559683e+02 5.011891353744167077e+02 5.012094579701490602e+02 5.012272068855070302e+02 5.012466406360815654e+02 5.012668429708751887e+02 5.012881903509273229e+02 5.013026165120797941e+02 5.013297797940962255e+02 5.013445500470079423e+02 5.013667642183414728e+02 5.013897978549472896e+02 5.014035969640668213e+02 5.014221082926512167e+02 5.014477776463097598e+02 5.014670249057344336e+02 5.014877375216619271e+02 5.015021179229498216e+02 5.015244937109425791e+02
7.847154386952296390e-01 5.008080448928980672e+02 5.008232535884974368e+02 5.008442225036675381e+02 5.008613768672816491e+02 5.008865424663665635e+02 5.009085685187106947e+02 5.009264734150617642e+02 5.009485079911562480e+02 5.009684082763469064e+02 5.009813177728731830e+02 5.010037240708582544e+02 5.010274410207504161e+02 5.010485304339541131e+02 5.010692879622494615e+02 5.010853271551221724e+02 5.011098836462969643e+02 5.011257331302167586e+02 5.011470015432050786e+02 5.011678392260961346e+02 5.011812960131872501e+02 5.012096853742463054e+02 5.012268215934307705e+02 5.012455358872866213e+02 5.012662412298802792e+02 5.012836513646467438e+02 5.013034899659188000e+02 5.013216123959918491e+02 5.013432412674557099e+02 5.013646624112112136e+02 5.013875219598294848e+02 5.014013663083784422e+02 5.014203164961730295e+02 5.014433773652191348e+02 5.014648718129421923e+02 5.014841388172039842e+02 5.015028748003348369e+02
7.603096764780222783e-01 5.007871495038474450e+02 5.008073127311493522e+02 5.008288610716174389e+02 5.008480759436790777e+02 5.008671630927921115e+02 5.008833545884685350e+02 5.009017202288741828e+02 5.009203209354197384e+02 5.009486721944529677e+02 5.009624876470532513e+02 5.009812851424381392e+02 5.010053402228493837e+02 5.010226910523645074e+02 5.010463821891726184e+02 5.010699012313075968e+02 5.010842283440484835e+02 5.011057099981636043e+02 5.011201390444803678e+02 5.011450524483332742e+02 5.011646242140661798e+02 5.011869947825790064e+02 5.012025583226678691e+02 5.012252014996599314e+02 5.012409364983306546e+02 5.012625660089915982e+02 5.012865764119825940e+02 5.013078239290786655e+02 5.013227723998246574e+02 5.013433636489166929e+02 5.013640046759326765e+02 5.013847177858410760e+02 5.014082064762807249e+02 5.014225348075965485e+02 5.014410972321085183e+02 5.014648953963235272e+02 5.014834410603994002e+02
7.474942977702871971e-01 5.007629522653456888e+02 5.007865473174503563e+02 5.008028954375427588e+02 5.008209510615463955e+02 5.008435181730752674e+02 5.008683897853787812e+02 5.008811027223848669e+02 5.009085045876038293e+02 5.009211396321069856e+02 5.009409175897253590e+02 5.009680465166504177e+02 5.009810122099142404e+02 5.010064883261439945e+02 5.010239243096305017e+02 5.010484466247534101e+02 5.010606030371778843e+02 5.010817794958622358e+02 5.011065502248753205e+02 5.011251448437830049e+02 5.011489389695298087e+02 5.011614594012787620e+02 5.011885785829099405e+02 5.012019172328757008e+02 5.012242790070674232e+02 5.012429242430225145e+02 5.012646074146844057e+02 5.012868064459283914e+02 5.013024644349336540e+02 5.013249261216395212e+02 5.013441002600645220e+02 5.013600407114731183e+02 5.013830867674614638e+02 5.014067114293122813e+02 5.014232153035399620e+02 5.014429795756795443e+02 5.014662197799025307e+02
7.255381772041731292e-01 5.007411178088613610e+02 5.007607676200405535e+02 5.007832416684421446e+02 5.008098682364680485e+02 5.008282310746965322e+02 5.008483083822297885e+02 5.008661708939756636e+02 5.008848553054131685e+02 5.009055929874389221e+02 5.009276217952080401e+02 5.009436451981791834e+02 5.009635674506157557e+02 5.009840943744909509e+02 5.010010423867932445e+02 5.010297479029724741e+02 5.010438993609804470e+02 5.010603018621664546e+02 5.010856464845287519e+02 5.011033612370105743e+02 5.011222566258504116e+02 5.011472497830319526e+02 5.011657358156808755e+02 5.011818757083227069e+02 5.012081903334520234e+02 5.012297183250086050e+02 5.012447593474906284e+02 5.012699368601729475e+02 5.012878142693866153e+02 5.013054333857102733e+02 5.013262941783700626e+02 5.013402402850970248e+02 5.013600223901948993e+02 5.013807252802715198e+02 5.014070270144830488e+02 5.014285653224853263e+02 5.014452469203070564e+02
7.081230915461702580e-01 5.007212035752331190e+02 5.007437528319514399e+02 5.007682887416428343e+02 5.007883645996906239e+02 5.008080678574671083e+02 5.008256255859578800e+02 5.008405930277666016e+02 5.008620347195479212e+02 5.008870424540926933e+02 5.009024761302022739e+02 5.009287697422441852e+02 5.009400297543129454e+02 5.009619362320038363e+02 5.009849426534233316e+02 5.010085671165854819e+02 5.010281330245760500e+02 5.010496142178596983e+02 5.010680568083131448e+02 5.010839660648329641e+02 5.011035092937025297e+02 5.011260697052262003e+02 5.011468643860234806e+02 5.011687996033257377e+02 5.011817067655509845e+02 5.012043898425478119e+02 5.012219439837571144e+02 5.012462402938814421e+02 5.012611030101035681e+02 5.012843755543414090e+02 5.013095210437140850e+02 5.013265058940316408e+02 5.013471995955910643e+02 5.013636085167898386e+02 5.013870234311298759e+02 5.014026674433409312e+02 5.014232572777895598e+02
6.801341851910303049e-01 5.007063768695698514e+02 5.007240932929478276e+02 5.007444859468695313e+02 5.007672139614223283e+02 5.007819817227510271e+02 5.008081864118075828e+02 5.008294899043493729e+02 5.008418701500933139e+02 5.008667270151623256e+02 5.008845321561589117e+02 5.009078231856115622e+02 5.009266284858277913e+02 5.009467199711270951e+02 5.009608112270763058e+02 5.009898312000336205e+02 5.010027124459626293e+02 5.010201439867734621e+02 5.010498753052349912e+02 5.010689682820236612e+02 5.010840337319503988e+02 5.011004359460840192e+02 5.011244875197982083e+02 5.011455998638635378e+02 5.011688568683171638e+02 5.011851883600821793e+02 5.012093648155479286e+02 5.012291618105496127e+02 5.012472383158744265e+02 5.012625126363615209e+02 5.012800322533698250e+02 5.013031504648870396e+02 5.013208906698378087e+02 5.013462597246503947e+02 5.013625447019665557e+02 5.013814973500256542e+02 5.014037445843360388e+02
6.625410323325965356e-01 5.006859074060312196e+02 5.007040280007166189e+02 5.007298487135448113e+02 5.007464720150655353e+02 5.007613469604949046e+02 5.007832648099105199e+02 5.008009196994955232e+02 5.008214131331208705e+02 5.008429959807830869e+02 5.008615873826182678e+02 5.008829832350972993e+02 5.009005651732808246e+02 5.009299154564579908e+02 5.009488907959202493e+02 5.009610603300313301e+02 5.009851047322816839e+02 5.010071825702538604e+02 5.010218559496908028e+02 5.010435933246757259e+02 5.010690722052115120e+02 5.010833451217913534e+02 5.011029401728609969e+02 5.011273413045917096e+02 5.011430189741076902e+02 5.011625369574039155e+02 5.011875706466992710e+02 5.012068590398189372e+02 5.012276244861307077e+02 5.012489139603007970e+02 5.012601642251038925e+02 5.012861423019314770e+02 5.013045548148269859e+02 5.013286469518750437e+02 5.013474451293778316e+02 5.013624501938302274e+02 5.013837438406510500e+02
6.473668584606451226e-01 5.006687187012984737e+02 5.006860203901341038e+02 5.007030981203749889e+02 5.007286534337865191e+02 5.007498369137155692e+02 5.007663917341413935e+02 5.007843764310512142e+02 5.008082158731145341e+02 5.008254067063654134e+02 5.008445793933491359e+02 5.008681886014340989e+02 5.008823440851904252e+02 5.009098550542094586e+02 5.009287043383112632e+02 5.009442752624494801e+02 5.009620962787250278e+02 5.009884586678389269e+02 5.010026459606083904e+02 5.010222002980498814e+02 5.010410644111040597e+02 5.010693459047977854e+02 5.010820273401866416e+02 5.011090331581559099e+02 5.011261724884577688e+02 5.011440246271328647e+02 5.011656903295634606e+02 5.011883027918803464e+02 5.012018063917983000e+02 5.012290446953874721e+02 5.012469776139117812e+02 5.012665246459100672e+02 5.012833778987935602e+02 5.013038459947915726e+02 5.013218170043277837e+02 5.013462966025114724e+02 5.013674260034953249e+02
