Fall2022/C:\Users\gsbir\Documents\EES_393\Export\sample_topo2_bedrock__elevation.txt
ncols 100
nrows 100
xllcorner 0.0
yllcorner 0.0
cellsize 10.0
[rows 34 to 50 of 100, columns 37 to 73 of 100]
5.000002982923402669e+03 5.000000297410455460e+03 5.000004592019731717e+03 5.000009905178951158e+03 5.000001332418552920e+03 5.000000560919176678e+03 5.000000207140225939e+03 5.000001871314832897e+03 5.000005476687038026e+03 5.000008513233926351e+03 5.000008368731256269e+03 5.000009647636716181e+03 5.000005174364076993e+03 5.000006977152701438e+03 5.000006903597426572e+03 5.000003970868949182e+03 5.000003481086867396e+03 5.000002419480930257e+03 5.000001541381750940e+03 5.000005810044145619e+03 5.000006974478218581e+03 5.000007053145356622e+03 5.000002487583360562e+03 5.000000930895279453e+03 5.000004677800980971e+03 5.000001213428305164e+03 5.000000981985063845e+03 5.000004526042761427e+03 5.000001311822328717e+03 5.000000568404225305e+03 5.000005780871852039e+03 5.000004646496421628e+03 5.000009591613641533e+03 5.000005390083308157e+03 5.000007688810835134e+03 5.000009236443402187e+03 5.000002362057248320e+03
5.000007957973288285e+03 5.000005184036736864e+03 5.000009288413567447e+03 5.000001931856591909e+03 5.000000172674215719e+03 5.000004675677273553e+03 5.000002122869820596e+03 5.000000634350490145e+03 5.000008477798774948e+03 5.000001112612158977e+03 5.000006297429132246e+03 5.000006008553091306e+03 5.000002240991642793e+03 5.000003259624078964e+03 5.000001958383380043e+03 5.000000810155446743e+03 5.000007120210079847e+03 5.000000741674359233e+03 5.000000143317733091e+03 5.000009769910946488e+03 5.000008423909002886e+03 5.000009815367120609e+03 5.000000503555874275e+03 5.000000375737085051e+03 5.000009551472010571e+03 5.000001987985902815e+03 5.000002099504260514e+03 5.000009863090997897e+03 5.000009594336092050e+03 5.000008028553205804e+03 5.000004811157894437e+03 5.000000956749710895e+03 5.000005736594709560e+03 5.000002012573071625e+03 5.000001586733587828e+03 5.000002903390008214e+03 5.000007458270669304e+03
5.000008528973699867e+03 5.000004307062640692e+03 5.000008297326827233e+03 5.000007142452361222e+03 5.000005813959391162e+03 5.000006659725269856e+03 5.000004954010499205e+03 5.000003120819201285e+03 5.000003254657523030e+03 5.000000908217401957e+03 5.000006995988816925e+03 5.000001524117013105e+03 5.000009289345118304e+03 5.000009445859160223e+03 5.000004913298304928e+03 5.000009942750040864e+03 5.000003934241835850e+03 5.000002600269785944e+03 5.000005263280805593e+03 5.000004425494395036e+03 5.000009691398139694e+03 5.000006296560236478e+03 5.000007189978216047e+03 5.000004208171026221e+03 5.000003266363708462e+03 5.000009140509798272e+03 5.000007006343482317e+03 5.000007348362044468e+03 5.000008935270338043e+03 5.000005116642349094e+03 5.000005250179900031e+03 5.000001616444747924e+03 5.000007987983593011e+03 5.000008157751335602e+03 5.000001184521447612e+03 5.000001304731784330e+03 5.000008583076290961e+03
5.000007883411648436e+03 5.000003519175274050e+03 5.000003135805238344e+03 5.000000912008963496e+03 5.000003149742657115e+03 5.000000112174642709e+03 5.000002142319657651e+03 5.000002067945423732e+03 5.000002429931318147e+03 5.000003139609483696e+03 5.000009879319051834e+03 5.000006249028880120e+03 5.000008412851788307e+03 5.000004882493203695e+03 5.000001021339764520e+03 5.000005553115027396e+03 5.000007077543889864e+03 5.000006194794592375e+03 5.000008033474138756e+03 5.000001606880599866e+03 5.000008929445444664e+03 5.000002028783143942e+03 5.000002288542455062e+03 5.000000547768004253e+03 5.000009427270705601e+03 5.000006156073710372e+03 5.000001282856375838e+03 5.000006614041863941e+03 5.000005384099371440e+03 5.000007103547992301e+03 5.000003888436559464e+03 5.000005262309702630e+03 5.000008309972618008e+03 5.000000712654116796e+03 5.000006521812789288e+03 5.000000205995700526e+03 5.000007095327548996e+03
5.000008290734517686e+03 5.000002092601898767e+03 5.000005582790965491e+03 5.000008667517288814e+03 5.000006530875758472e+03 5.000001486603773628e+03 5.000004652717479985e+03 5.000008937369300838e+03 5.000004738616908071e+03 5.000002072792464787e+03 5.000008034837812374e+03 5.000006875783336000e+03 5.000000671262533615e+03 5.000009372959206303e+03 5.000002184226374993e+03 5.000007873908981310e+03 5.000005814109477797e+03 5.000001127862767135e+03 5.000007555613540717e+03 5.000007932866995361e+03 5.000007809671649738e+03 5.000007629566456671e+03 5.000001012347109281e+03 5.000001055181275660e+03 5.000004988292948838e+03 5.000006427033108594e+03 5.000009323949834652e+03 5.000000318696188515e+03 5.000004295056863157e+03 5.000000814708219878e+03 5.000009952082322343e+03 5.000005778320777608e+03 5.000006759640269593e+03 5.000009757354837348e+03 5.000007140864642679e+03 5.000009624529602661e+03 5.000000033947355405e+03
5.000005509735982741e+03 5.000003121378844298e+03 5.000003500382321363e+03 5.000001056922932548e+03 5.000002535511801398e+03 5.000002290536763212e+03 5.000007209118693936e+03 5.000004940151521623e+03 5.000008328525390425e+03 5.000003421392171731e+03 5.000002996459848873e+03 5.000001684503903562e+03 5.000002553410195105e+03 5.000006433705410927e+03 5.000002384602375969e+03 5.000004252156074472e+03 5.000001419530712155e+03 5.000007418308501656e+03 5.000001437268871996e+03 5.000005714297913073e+03 5.000000141254655318e+03 5.000002352628902372e+03 5.000001593479602889e+03 5.000007129972971597e+03 5.000008809438251774e+03 5.000005967186958515e+03 5.000006103059868110e+03 5.000004615207641109e+03 5.000007492490371078e+03 5.000006850184094219e+03 5.000004244268050570e+03 5.000002264906939672e+03 5.000000557952176678e+03 5.000003544178422999e+03 5.000008494172972860e+03 5.000003496501281916e+03 5.000004550365229989e+03
5.000005317189974448e+03 5.000004800551192602e+03 5.000008764015767156e+03 5.000006272887161686e+03 5.000007277115346369e+03 5.000005452862834318e+03 5.000006307449728411e+03 5.000005932365380431e+03 5.000000670581306622e+03 5.000005821780136102e+03 5.000002976389299874e+03 5.000005708011312890e+03 5.000004759927575833e+03 5.000005917470978602e+03 5.000005370299802962e+03 5.000004920984922137e+03 5.000005235098315097e+03 5.000001828658954764e+03 5.000000360754042049e+03 5.000006218534816071e+03 5.000005650402908941e+03 5.000004275091903764e+03 5.000005395776883233e+03 5.000008732186794987e+03 5.000005922624615778e+03 5.000005753197355261e+03 5.000007484845529689e+03 5.000001437439417714e+03 5.000000923108877032e+03 5.000007269072520103e+03 5.000009472173560425e+03 5.000006833491946963e+03 5.000005302780706188e+03 5.000005412713148871e+03 5.000000799659082077e+03 5.000004031015125292e+03 5.000003604934321629e+03
5.000000063485240389e+03 5.000006621571479627e+03 5.000001370997279082e+03 5.000004265684836355e+03 5.000006236543350497e+03 5.000003814601788690e+03 5.000001592307759893e+03 5.000000071258946264e+03 5.000008321143933244e+03 5.000003608167055063e+03 5.000007113118122106e+03 5.000004406236802424e+03 5.000000184744312719e+03 5.000002809169560351e+03 5.000000220620320761e+03 5.000002427512822578e+03 5.000002259006172608e+03 5.000001804581132092e+03 5.000008732956910535e+03 5.000006549269552124e+03 5.000009722721375510e+03 5.000001817433174438e+03 5.000004833907038119e+03 5.000009728873251333e+03 5.000004290688775654e+03 5.000009871776084765e+03 5.000001829924109188e+03 5.000005266758589642e+03 5.000002514158745726e+03 5.000009401384258126e+03 5.000005381318480431e+03 5.000008829372813125e+03 5.000002980953485348e+03 5.000006210910994014e+03 5.000002909431987064e+03 5.000006035929708560e+03 5.000006013851285388e+03
5.000005320104135535e+03 5.000006042312312275e+03 5.000003420054386879e+03 5.000003067064695642e+03 5.000002339241884329e+03 5.000008008460386918e+03 5.000003674663597849e+03 5.000004721152266939e+03 5.000007853703258661e+03 5.000008480485264045e+03 5.000003613347504142e+03 5.000000147789944094e+03 5.000007393352629151e+03 5.000004183035647657e+03 5.000001540899422253e+03 5.000001286672799324e+03 5.000000375188374164e+03 5.000009157899564343e+03 5.000000024982566174e+03 5.000004032346147142e+03 5.000005479756092427e+03 5.000006659808535915e+03 5.000006943034701180e+03 5.000001937389006343e+03 5.000006611138534936e+03 5.000005280099441734e+03 5.000008262700357591e+03 5.000009378021874909e+03 5.000006141798204226e+03 5.000009504474805908e+03 5.000002389075545580e+03 5.000000448636787041e+03 5.000000832911581711e+03 5.000002153147112040e+03 5.000007598004521242e+03 5.000009320120781922e+03 5.000007790248542733e+03
5.000008554392395126e+03 5.000003062734003834e+03 5.000000741969627597e+03 5.000006900676442456e+03 5.000004936547959005e+03 5.000007229482762341e+03 5.000002227001605206e+03 5.000006378730767210e+03 5.000006372145379828e+03 5.000007541059525465e+03 5.000003173493701979e+03 5.000007492759483284e+03 5.000007060978632580e+03 5.000002199975697295e+03 5.000004369946759653e+03 5.000009746812213962e+03 5.000002192897811256e+03 5.000004582775392919e+03 5.000005901528658796e+03 5.000008260637851890e+03 5.000001418400211151e+03 5.000002134113930879e+03 5.000004599798051458e+03 5.000000124689336189e+03 5.000004623577759958e+03 5.000004235405349391e+03 5.000008959171691458e+03 5.000005557201565352e+03 5.000000116454714771e+03 5.000006664281314443e+03 5.000001782187910976e+03 5.000006392432329449e+03 5.000005330294227861e+03 5.000003863501417982e+03 5.000009150529452199e+03 5.000003467647441539e+03 5.000002982443911606e+03
5.000005447214107335e+03 5.000001444180434191e+03 5.000005562782722336e+03 5.000002991879922774e+03 5.000006406744496417e+03 5.000001695684742117e+03 5.000007767773236083e+03 5.000008465343908938e+03 5.000002468606221555e+03 5.000008914200514482e+03 5.000000322027010952e+03 5.000004310343736506e+03 5.000003094486735790e+03 5.000003989885559349e+03 5.000008816451152597e+03 5.000001798434768716e+03 5.000006924728800186e+03 5.000006041127226126e+03 5.000007249773408148e+03 5.000004501351360886e+03 5.000007057984334097e+03 5.000004191534319034e+03 5.000003152983194013e+03 5.000005567154104938e+03 5.000002914497670645e+03 5.000006327778596642e+03 5.000007214178233880e+03 5.000001649019231081e+03 5.000009101890043894e+03 5.000009972393655516e+03 5.000007424235856888e+03 5.000006444953774917e+03 5.000009581779519976e+03 5.000001163650216768e+03 5.000002535496109886e+03 5.000003964020907915e+03 5.000003044249844606e+03
5.000004001693242571e+03 5.000000331816311700e+03 5.000002151786264221e+03 5.000003527316671352e+03 5.000000972691741481e+03 5.000003703562781993e+03 5.000006987617880441e+03 5.000001855414447164e+03 5.000009317001221461e+03 5.000009891831826280e+03 5.000007052845403450e+03 5.000002088498483317e+03 5.000009831671624852e+03 5.000006484829606961e+03 5.000006738859214238e+03 5.000008500808021381e+03 5.000009804076713408e+03 5.000000462453057480e+03 5.000000057695913711e+03 5.000001899712632621e+03 5.000000567559399315e+03 5.000005118287623191e+03 5.000006254627733142e+03 5.000008375723732570e+03 5.000002294458256983e+03 5.000003244614902542e+03 5.000003917766059203e+03 5.000002426732495223e+03 5.000004442290488441e+03 5.000006478476207121e+03 5.000007125977395845e+03 5.000006882536454214e+03 5.000001971606052393e+03 5.000003858795415908e+03 5.000007777800058648e+03 5.000003741659180378e+03 5.000000631637798506e+03
5.000001176273857709e+03 5.000009858310656455e+03 5.000000671225448059e+03 5.000006589207800062e+03 5.000000704251567186e+03 5.000004872720477579e+03 5.000003204100807125e+03 5.000003380849061614e+03 5.000003392870898097e+03 5.000006405148542399e+03 5.000005656869561790e+03 5.000002167893469050e+03 5.000005951902651759e+03 5.000008895267056687e+03 5.000003892277893101e+03 5.000008487339102430e+03 5.000000495797263284e+03 5.000000928414730879e+03 5.000004295551734685e+03 5.000009326221592346e+03 5.000008983124248516e+03 5.000001031997221617e+03 5.000001146151411376e+03 5.000005698910448700e+03 5.000002988444759467e+03 5.000000973179670837e+03 5.000009822560046814e+03 5.000003568539199478e+03 5.000007109804129868e+03 5.000005280541779030e+03 5.000001176336183562e+03 5.000004178685425359e+03 5.000000623646325948e+03 5.000005808421346956e+03 5.000005907591852520e+03 5.000006400709251466e+03 5.000004695537963926e+03
5.000008205850977902e+03 5.000006548715171448e+03 5.000008907515195460e+03 5.000001352542398308e+03 5.000009746244952112e+03 5.000008601019131675e+03 5.000004100993842258e+03 5.000002378557945121e+03 5.000004946999748427e+03 5.000006835914099611e+03 5.000009089724451769e+03 5.000003236444801587e+03 5.000004779964139743e+03 5.000001234368362020e+03 5.000002234560655779e+03 5.000004007917782474e+03 5.000007548344435236e+03 5.000001101069032302e+03 5.000007809369326424e+03 5.000007899105106844e+03 5.000006942816939045e+03 5.000000145163648995e+03 5.000002109314174959e+03 5.000005281622641633e+03 5.000009260690816518e+03 5.000008056316809416e+03 5.000008482606932375e+03 5.000002030131864558e+03 5.000005278220945002e+03 5.000005448629149214e+03 5.000004025441322483e+03 5.000001047313144227e+03 5.000006724061579007e+03 5.000000374967248717e+03 5.000005506403612344e+03 5.000009594177075996e+03 5.000009986902405217e+03
5.000004396080897095e+03 5.000008678107775268e+03 5.000009853205912805e+03 5.000006811472218942e+03 5.000009001038564747e+03 5.000001719701077491e+03 5.000008495519191456e+03 5.000001754484705089e+03 5.000008638720444651e+03 5.000002573702802692e+03 5.000005007702704461e+03 5.000000648604557682e+03 5.000002631187884617e+03 5.000007381573246676e+03 5.000000760321589951e+03 5.000001177932009341e+03 5.000001301019434322e+03 5.000000829202185741e+03 5.000002339404237318e+03 5.000003934552902138e+03 5.000003931332537832e+03 5.000006881340783366e+03 5.000007024325585007e+03 5.000003366780341821e+03 5.000009855216884716e+03 5.000002408922328868e+03 5.000008880752215191e+03 5.000003914493787306e+03 5.000008623862944660e+03 5.000001645464446483e+03 5.000000941361750847e+03 5.000000288086343971e+03 5.000004626776958503e+03 5.000003411761314965e+03 5.000001388117523675e+03 5.000001830317218264e+03 5.000009898114394673e+03
5.000007499652871957e+03 5.000000764302552852e+03 5.000003808910716543e+03 5.000008339390584297e+03 5.000008174374213013e+03 5.000008807033744233e+03 5.000009213430577802e+03 5.000001806285934435e+03 5.000009576811758961e+03 5.000006879770509840e+03 5.000005617972761684e+03 5.000001741577229041e+03 5.000001065067946001e+03 5.000003649045441307e+03 5.000007584761074213e+03 5.000009870243132355e+03 5.000005768597223323e+03 5.000001285645196731e+03 5.000001972765888240e+03 5.000002053204704680e+03 5.000009150042606052e+03 5.000008568734355322e+03 5.000005241649760137e+03 5.000008849061789078e+03 5.000009763205072886e+03 5.000000293600285659e+03 5.000009427778044483e+03 5.000001825234045100e+03 5.000009383731667185e+03 5.000006710333775118e+03 5.000005725128423364e+03 5.000009710934570649e+03 5.000008106546121780e+03 5.000007961457038618e+03 5.000001403817171195e+03 5.000000666513476972e+03 5.000004150257899710e+03
5.000008260399587016e+03 5.000002386775009654e+03 5.000008656929949211e+03 5.000001945509613506e+03 5.000007503667778110e+03 5.000007184219142800e+03 5.000004219727687087e+03 5.000005196938927838e+03 5.000004974140572813e+03 5.000006024804252775e+03 5.000007288159969903e+03 5.000008411278187850e+03 5.000003206209381460e+03 5.000000973495499238e+03 5.000002941782075141e+03 5.000003561844029718e+03 5.000004695634361269e+03 5.000003778533831792e+03 5.000002569865213445e+03 5.000006951570941965e+03 5.000004411468013132e+03 5.000008274799391074e+03 5.000002825089238286e+03 5.000002372162232859e+03 5.000001849195885370e+03 5.000005024087413403e+03 5.000009669724725427e+03 5.000007310102921110e+03 5.000000121769997349e+03 5.000008862436274285e+03 5.000002254638444356e+03 5.000008119792484649e+03 5.000006338715934362e+03 5.000006618056846492e+03 5.000006946430683456e+03 5.000009326666535344e+03 5.000001283160652747e+03
