Fall2022/C:\Users\gsbir\Documents\EES_393\Export\sample_topo2_bedrock__elevation.txt
ncols 100
nrows 100
xllcorner 0.0
yllcorner 0.0
cellsize 10.0
[rows 68 to 84 of 100, columns 0 to 36 of 100]
3.474999955651239016e-03 5.000004540243127849e+03 5.000001690183153187e+03 5.000000800254102614e+03 5.000003228664779272e+03 5.000009234394285158e+03 5.000004821965685551e+03 5.000001428575900718e+03 5.000000056681378737e+03 5.000008578103168475e+03 5.000002925175143901e+03 5.000009806940572162e+03 5.000005132447253345e+03 5.000008241030483987e+03 5.000008618324194686e+03 5.000001533554486741e+03 5.000005363615363422e+03 5.000001172353797301e+03 5.000005111346221383e+03 5.000003123489445898e+03 5.000002182171632739e+03 5.000000295939043099e+03 5.000000609822865954e+03 5.000006217113557796e+03 5.000009752559961271e+03 5.000002177046839279e+03 5.000007144298224375e+03 5.000007746623319690e+03 5.000006253129577090e+03 5.000009303077225923e+03 5.000003559137854609e+03 5.000008442291968095e+03 5.000001666514715907e+03 5.000001311406116656e+03 5.000000280687326267e+03 5.000008541802812033e+03 5.000000697795363521e+03
4.228991416757432904e-03 5.000003546340230059e+03 5.000008298187338369e+03 5.000002118411008269e+03 5.000004189603669147e+03 5.000000381592522899e+03 5.000004993751184884e+03 5.000004533800475656e+03 5.000004757062619319e+03 5.000000234424604059e+03 5.000008310375271321e+03 5.000009556683617120e+03 5.000000881765640770e+03 5.000002471347510436e+03 5.000003538921844665e+03 5.000000768669916397e+03 5.000005769947468252e+03 5.000002516945282878e+03 5.000005727661931815e+03 5.000003287634009212e+03 5.000002168611057641e+03 5.000009783861296455e+03 5.000006642907514106e+03 5.000000465933126179e+03 5.000002397003730948e+03 5.000005403470257079e+03 5.000006866938651910e+03 5.000000265129750005e+03 5.000007491366248360e+03 5.000003305704591185e+03 5.000002804194974487e+03 5.000003339296272316e+03 5.000008708542443856e+03 5.000007889069197518e+03 5.000001701658326056e+03 5.000000503102025505e+03 5.000008828956526486e+03
2.893750891725621784e-03 5.000002757597359050e+03 5.000006328209519779e+03 5.000008071871104221e+03 5.000004842642372751e+03 5.000004229175287946e+03 5.000009353542589452e+03 5.000005645522064697e+03 5.000008251454195488e+03 5.000005610095849079e+03 5.000008298840766656e+03 5.000000162446565810e+03 5.000003188943966961e+03 5.000007938586308228e+03 5.000008609099670139e+03 5.000000942393190599e+03 5.000001305831986429e+03 5.000003419155749725e+03 5.000004153100140684e+03 5.000000555334387172e+03 5.000000536271085366e+03 5.000005637159980324e+03 5.000003796840904215e+03 5.000007530744016549e+03 5.000008270605969301e+03 5.000002181684558309e+03 5.000000318838988278e+03 5.000005029622409893e+03 5.000006083614827730e+03 5.000008841363305692e+03 5.000006970254329644e+03 5.000005298430332914e+03 5.000008300604175020e+03 5.000003165319754771e+03 5.000001175193408926e+03 5.000009827496428443e+03 5.000001921707276779e+03
5.125576366486798985e-03 5.000008788474262474e+03 5.000002537274494898e+03 5.000007445838406056e+03 5.000004645067734600e+03 5.000009003265815409e+03 5.000009295817089878e+03 5.000007654999280930e+03 5.000009618070293072e+03 5.000005363008864151e+03 5.000007174822462730e+03 5.000006243154632102e+03 5.000003449208847087e+03 5.000009776514361874e+03 5.000003017492562321e+03 5.000007472747392057e+03 5.000001536374740681e+03 5.000009640352937822e+03 5.000008330617372849e+03 5.000005466265340146e+03 5.000003746737796973e+03 5.000003346257410158e+03 5.000002330051878744e+03 5.000005074259676803e+03 5.000005006756420698e+03 5.000002856563885871e+03 5.000004279374010366e+03 5.000004574197637339e+03 5.000006183999910718e+03 5.000006394634858225e+03 5.000007305122795515e+03 5.000007841304321119e+03 5.000009881852487524e+03 5.000000033333129977e+03 5.000009347768162115e+03 5.000007482894495297e+03 5.000005444569520478e+03
8.534095332704738981e-03 5.000009334485658655e+03 5.000006838075387350e+03 5.000004932933008604e+03 5.000000639501746264e+03 5.000004807510124010e+03 5.000007985926160472e+03 5.000003530161555318e+03 5.000007766226965941e+03 5.000003653329142253e+03 5.000003115323992461e+03 5.000009910759906234e+03 5.000001860336815298e+03 5.000002981380173878e+03 5.000005765253805293e+03 5.000004704086886704e+03 5.000001853467170804e+03 5.000007903973652901e+03 5.000001853425022091e+03 5.000003439166759563e+03 5.000005832810781612e+03 5.000006762424349290e+03 5.000003096943328273e+03 5.000001822606622227e+03 5.000009387272442837e+03 5.000008149140532623e+03 5.000003983990380220e+03 5.000006279956576691e+03 5.000007114706912944e+03 5.000002545925337472e+03 5.000000462262880319e+03 5.000005434656342004e+03 5.000006019995539646e+03 5.000007002823356743e+03 5.000008111637123875e+03 5.000001381663957545e+03 5.000000467564183054e+03
5.796984041005667429e-03 5.000000115707154691e+03 5.000005762306573160e+03 5.000000367628990716e+03 5.000004636892866984e+03 5.000004753605048791e+03 5.000003575048382118e+03 5.000001773013784259e+03 5.000003979875364166e+03 5.000005222447385677e+03 5.000001262092508114e+03 5.000003052706327253e+03 5.000003528272840413e+03 5.000005350789543627e+03 5.000008123542315843e+03 5.000007561256591543e+03 5.000009357890468891e+03 5.000009181448830532e+03 5.000008943969679422e+03 5.000008859267289154e+03 5.000003202183992471e+03 5.000001635181864913e+03 5.000008077561785285e+03 5.000003345691286086e+03 5.000007740039149212e+03 5.000004339949776295e+03 5.000009217636800713e+03 5.000007517581084358e+03 5.000004395800761813e+03 5.000004424002842825e+03 5.000004658773450501e+03 5.000005178743454053e+03 5.000008821654765597e+03 5.000007053855875711e+03 5.000003256078909544e+03 5.000002294377345606e+03 5.000008776266954555e+03
9.041221178575080397e-03 5.000004864342103247e+03 5.000007754744626254e+03 5.000000637216042378e+03 5.000009229038587364e+03 5.000005367436972847e+03 5.000007025291779428e+03 5.000009709087695228e+03 5.000007808024647602e+03 5.000005370284574383e+03 5.000007046948278003e+03 5.000002960528817312e+03 5.000008167986436092e+03 5.000001996853899072e+03 5.000006392328643415e+03 5.000009106311876167e+03 5.000003557813590305e+03 5.000006119209530880e+03 5.000004014901912342e+03 5.000003901648258761e+03 5.000009073368223653e+03 5.000005661672071255e+03 5.000001166225914858e+03 5.000002902708234615e+03 5.000009301702926678e+03 5.000003985375429693e+03 5.000004138028026318e+03 5.000005567194695686e+03 5.000003946136901504e+03 5.000002771749735984e+03 5.000002866945778806e+03 5.000001198977864078e+03 5.000000936643815294e+03 5.000000997303129225e+03 5.000002261835465106e+03 5.000003168816580910e+03 5.000006932881131434e+03
8.029406028710217580e-03 5.000001349917863081e+03 5.000007248209873069e+03 5.000008813645838018e+03 5.000009448305542719e+03 5.000005647323668200e+03 5.000009408773609721e+03 5.000003643318248578e+03 5.000003807866009083e+03 5.000001771430118424e+03 5.000005169415489945e+03 5.000001068158549060e+03 5.000005133453158123e+03 5.000009437558109312e+03 5.000007299358559976e+03 5.000003492257994367e+03 5.000005836466568326e+03 5.000003339525270349e+03 5.000000173086030372e+03 5.000003564800025742e+03 5.000002051862711596e+03 5.000009953501304153e+03 5.000004679446216869e+03 5.000007243363145790e+03 5.000001503748362666e+03 5.000005803585386275e+03 5.000005773338375548e+03 5.000003998253298960e+03 5.000008263177521258e+03 5.000001428086470696e+03 5.000001484302480094e+03 5.000009852344834144e+03 5.000003943638302189e+03 5.000000871128455401e+03 5.000004882310537141e+03 5.000005199337320846e+03 5.000001691305902568e+03
4.037252567882113584e-03 5.000004832062231799e+03 5.000008465570558656e+03 5.000003202082171811e+03 5.000005002712413443e+03 5.000007603234365888e+03 5.000007964802582137e+03 5.000005156924522453e+03 5.000009601433799617e+03 5.000001544676460071e+03 5.000005939944939200e+03 5.000005112846114571e+03 5.000001967951884581e+03 5.000003280731552877e+03 5.000008630719394205e+03 5.000007948478516482e+03 5.000008760370108575e+03 5.000009687102074167e+03 5.000003697572297824e+03 5.000003175516462761e+03 5.000003402870751415e+03 5.000003620606998084e+03 5.000002220485213911e+03 5.000001931772312673e+03 5.000000663807903038e+03 5.000007386306352601e+03 5.000005332222032848e+03 5.000001682100912149e+03 5.000004159069927482e+03 5.000007498390497858e+03 5.000007890341434177e+03 5.000004539800912426e+03 5.000000596206472437e+03 5.000003709598314344e+03 5.000008055411360147e+03 5.000005847607468240e+03 5.000000324967330016e+03
8.575608572762148663e-03 5.000004829993198655e+03 5.000002144986617168e+03 5.000000292113292744e+03 5.000001985699163924e+03 5.000007534676266005e+03 5.000009330584871350e+03 5.000008314770459037e+03 5.000006358266178722e+03 5.000000439591882241e+03 5.000005617226141112e+03 5.000005070485530268e+03 5.000007315739033402e+03 5.000008001735792277e+03 5.000005408984090536e+03 5.000004357419312328e+03 5.000004688551710387e+03 5.000005266371591460e+03 5.000003984612851127e+03 5.000009910002347169e+03 5.000009523410788461e+03 5.000009419681020518e+03 5.000004974922319889e+03 5.000009626528211811e+03 5.000001772966348653e+03 5.000001628177873499e+03 5.000007723480085588e+03 5.000000366161650163e+03 5.000004213678512315e+03 5.000000052632456573e+03 5.000006799636445066e+03 5.000004914527170513e+03 5.000002916527244452e+03 5.000008460793950690e+03 5.000000806017485957e+03 5.000000800286492449e+03 5.000005141412359080e+03
3.010560449763687463e-03 5.000009500674152150e+03 5.000005328945779183e+03 5.000007966696191943e+03 5.000006526959685289e+03 5.000006708332955895e+03 5.000006040023001333e+03 5.000006924995816007e+03 5.000008537241009435e+03 5.000009165127461529e+03 5.000009587478363756e+03 5.000000111141445814e+03 5.000001494799593274e+03 5.000005357288808227e+03 5.000003756517330658e+03 5.000002781484042316e+03 5.000007158030157370e+03 5.000002063149582682e+03 5.000006520458910018e+03 5.000007551342354418e+03 5.000007618642885063e+03 5.000006025938383573e+03 5.000009236158933163e+03 5.000001210577476741e+03 5.000001570493236613e+03 5.000006270539304751e+03 5.000002919531212683e+03 5.000008358190303625e+03 5.000004880794637756e+03 5.000007744657651529e+03 5.000000007906759492e+03 5.000004838824213039e+03 5.000007795326409905e+03 5.000006587540421606e+03 5.000006350593022944e+03 5.000003140923181491e+03 5.000005361107345379e+03
1.140670907884745559e-03 5.000009048597219589e+03 5.000000063206513914e+03 5.000009553984446939e+03 5.000002541608437241e+03 5.000002542464795624e+03 5.000009334173953903e+03 5.000001177274358270e+03 5.000004353945010735e+03 5.000005969704792733e+03 5.000003157922107675e+03 5.000000405044029321e+03 5.000003834123182060e+03 5.000008276916454633e+03 5.000006575059514034e+03 5.000008120115704514e+03 5.000003310877576951e+03 5.000005715076367778e+03 5.000008684933660334e+03 5.000004464884096706e+03 5.000001517841111308e+03 5.000005756774671681e+03 5.000008459283011689e+03 5.000009997185394241e+03 5.000001325670709775e+03 5.000007428795480337e+03 5.000001766364741343e+03 5.000004551471904961e+03 5.000006536883356603e+03 5.000001518815271993e+03 5.000003910578566320e+03 5.000009528287762805e+03 5.000001147287251115e+03 5.000006265207720389e+03 5.000002262005918055e+03 5.000001713749312330e+03 5.000000462349320514e+03
4.940147565392236269e-03 5.000004655284847104e+03 5.000008347824126758e+03 5.000004470900799788e+03 5.000008611043965175e+03 5.000005968358548671e+03 5.000003968650735260e+03 5.000005929217640187e+03 5.000009776249766219e+03 5.000004390727341161e+03 5.000005226227920502e+03 5.000001398884919581e+03 5.000004442995883437e+03 5.000009603759152924e+03 5.000008796221969533e+03 5.000007854208669414e+03 5.000003930543639399e+03 5.000003369001276951e+03 5.000004918850147988e+03 5.000008999257532196e+03 5.000005477411725224e+03 5.000007075950656144e+03 5.000005786494361018e+03 5.000001449236280678e+03 5.000007826486357772e+03 5.000002789065814795e+03 5.000007798098651620e+03 5.000001320042385487e+03 5.000009336211178379e+03 5.000000651446811389e+03 5.000008321512665134e+03 5.000009701232828775e+03 5.000001035448392940e+03 5.000002533419524298e+03 5.000006560048283973e+03 5.000007265839455613e+03 5.000009416444806448e+03
3.101302940290096011e-03 5.000008964067281340e+03 5.000007549019077487e+03 5.000007687326266932e+03 5.000003111606555649e+03 5.000004657675184717e+03 5.000006231974919501e+03 5.000005377129556109e+03 5.000009893852955429e+03 5.000001514545410828e+03 5.000003408995831705e+03 5.000008830559595481e+03 5.000006869751352497e+03 5.000007942850126710e+03 5.000007021105549939e+03 5.000001639365112169e+03 5.000006632341780460e+03 5.000005817819946969e+03 5.000006613673320317e+03 5.000001440088062736e+03 5.000007311688699701e+03 5.000002681102270799e+03 5.000001239969225026e+03 5.000000650444114399e+03 5.000008144582634486e+03 5.000007583780262394e+03 5.000008188336125386e+03 5.000000684639458996e+03 5.000008671417783262e+03 5.000005926168327278e+03 5.000002627634207784e+03 5.000000621520355708e+03 5.000006484253910457e+03 5.000009696402099507e+03 5.000001757919608281e+03 5.000002710442920943e+03 5.000004380360061077e+03
1.303635835976315552e-03 5.000004056775465870e+03 5.000001881939876512e+03 5.000008914094100874e+03 5.000004116392897231e+03 5.000004968642993845e+03 5.000001787955799045e+03 5.000000606645180596e+03 5.000000589236276937e+03 5.000004699766309386e+03 5.000002887506722800e+03 5.000003270452912147e+03 5.000003567238069991e+03 5.000009939426905476e+03 5.000008958208933109e+03 5.000008163443333615e+03 5.000001537126216135e+03 5.000008616879953479e+03 5.000003052187580579e+03 5.000003891928323355e+03 5.000009156108642856e+03 5.000005219511100222e+03 5.000009134597203229e+03 5.000006757952717635e+03 5.000005717217205529e+03 5.000006921923426489e+03 5.000008598951569184e+03 5.000005146501892341e+03 5.000007392287192488e+03 5.000006414815086828e+03 5.000008462407640764e+03 5.000003699895214595e+03 5.000009011605999149e+03 5.000006290664424341e+03 5.000009526941541480e+03 5.000005339327584807e+03 5.000003746167136342e+03
2.550969840533043927e-03 5.000007352967262705e+03 5.000002714937358178e+03 5.000009696345536213e+03 5.000003513765745993e+03 5.000005524941301701e+03 5.000002934581092632e+03 5.000004086900934453e+03 5.000000799212915808e+03 5.000005423147686088e+03 5.000002812997177898e+03 5.000004326601032517e+03 5.000006463964382419e+03 5.000004466760165087e+03 5.000008608238458692e+03 5.000000759167553042e+03 5.000002773174581307e+03 5.000008165626943082e+03 5.000002757447233307e+03 5.000009657348929068e+03 5.000007814828191840e+03 5.000002465963633767e+03 5.000006782749532249e+03 5.000006177607474456e+03 5.000009952855865777e+03 5.000006555044246852e+03 5.000000969340314441e+03 5.000001046992080774e+03 5.000003481068563815e+03 5.000001811726358937e+03 5.000003749828208129e+03 5.000003370544402969e+03 5.000004391590037812e+03 5.000007591637662699e+03 5.000007958306438923e+03 5.000009656659664870e+03 5.000005426218593129e+03
5.398762161882948545e-03 5.000009474207145104e+03 5.000005576511717663e+03 5.000003784107002502e+03 5.000002015132674387e+03 5.000005815807285217e+03 5.000003751816894692e+03 5.000003587426869672e+03 5.000002745877427515e+03 5.000006774319994292e+03 5.000005359078038964e+03 5.000001768256353898e+03 5.000004560607731037e+03 5.000008639660754852e+03 5.000002822094064868e+03 5.000002353307474550e+03 5.000007613788976414e+03 5.000002622934758620e+03 5.000008276740041765e+03 5.000007371802702437e+03 5.000003715505519722e+03 5.000005828804981320e+03 5.000005496915755430e+03 5.000003033589109691e+03 5.000004086877780537e+03 5.000007237560225803e+03 5.000003040871413759e+03 5.000003528009367983e+03 5.000006829499257947e+03 5.000007891389223005e+03 5.000004806434175407e+03 5.000001260791142158e+03 5.000008212359185563e+03 5.000008209300909584e+03 5.000005748623135332e+03 5.000002738215711361e+03 5.000003051257010156e+03
