Fall2022/C:\Users\gsbir\Documents\EES_393\Export\sample_topo2_topographic__elevation.txt
ncols 100
nrows 100
xllcorner 0.0
yllcorner 0.0
cellsize 10.0
[rows 68 to 84 of 100, columns 0 to 36 of 100]
2.003474999955651370e+00 5.002004381791064588e+03 5.002001690183153187e+03 5.002000800254102614e+03 5.002002550714415520e+03 5.002008626787024696e+03 5.002004528719523478e+03 5.002001428575900718e+03 5.002000056681378737e+03 5.002007803428460647e+03 5.002002678355389435e+03 5.002009158887373815e+03 5.002004746021651954e+03 5.002007716513850028e+03 5.002007974254221153e+03 5.002001533554486741e+03 5.002004997932379410e+03 5.002001172353797301e+03 5.002004753256001095e+03 5.002002319165434528e+03 5.002002182171632739e+03 5.002000295939043099e+03 5.002000489157794618e+03 5.002005696390306184e+03 5.002009019212704516e+03 5.002002177046839279e+03 5.002006692729916722e+03 5.002007066487540214e+03 5.002005708765956115e+03 5.002008776532489719e+03 5.002003511085124956e+03 5.002007818006412890e+03 5.002001575150857207e+03 5.002001311406116656e+03 5.002000280687326267e+03 5.002007828711225557e+03 5.002000697795363521e+03
2.004228991416757477e+00 5.002003261365777689e+03 5.002007840294469133e+03 5.002002065353858598e+03 5.002003996490049758e+03 5.002000381592522899e+03 5.002004574464033794e+03 5.002004149065191086e+03 5.002004174688471721e+03 5.002000210157843867e+03 5.002007573991868412e+03 5.002008768054710345e+03 5.002000881765640770e+03 5.002002471347510436e+03 5.002003131519185445e+03 5.002000768669916397e+03 5.002005440936988634e+03 5.002002150832191546e+03 5.002005402495591625e+03 5.002003144655019241e+03 5.002002168611057641e+03 5.002009091565820199e+03 5.002006083475721425e+03 5.002000465933126179e+03 5.002001685740133325e+03 5.002005065494790870e+03 5.002006271656864556e+03 5.002000265129750005e+03 5.002006834435657765e+03 5.002003243567879508e+03 5.002002804194974487e+03 5.002003030557830243e+03 5.002008060052299697e+03 5.002007291099826944e+03 5.002001592698662535e+03 5.002000503102025505e+03 5.002008089760057373e+03
2.002893750891725499e+00 5.002002757597359050e+03 5.002006003608414176e+03 5.002007525824082222e+03 5.002004659227788579e+03 5.002003304781703264e+03 5.002008803655236079e+03 5.002005509480531146e+03 5.002007880839129939e+03 5.002005119192393977e+03 5.002007559168566331e+03 5.002000162446565810e+03 5.002003090972632890e+03 5.002007441564599503e+03 5.002008111137807646e+03 5.002000865520457410e+03 5.002001305831986429e+03 5.002003231907938243e+03 5.002004069355394677e+03 5.002000555334387172e+03 5.002000536271085366e+03 5.002005173442807973e+03 5.002003663496447189e+03 5.002006888488481309e+03 5.002007671981802559e+03 5.002002181684558309e+03 5.002000318838988278e+03 5.002004601369371812e+03 5.002005699356937839e+03 5.002008332472812072e+03 5.002006591521660994e+03 5.002005017442419557e+03 5.002007810082503966e+03 5.002002904865794335e+03 5.002001063178178811e+03 5.002008979824209746e+03 5.002001921707276779e+03
2.005125576366486584e+00 5.002008240212725468e+03 5.002002537274494898e+03 5.002006999605323472e+03 5.002004433840226739e+03 5.002008485221805131e+03 5.002008915048109884e+03 5.002007280014033313e+03 5.002009210171787345e+03 5.002005131186731887e+03 5.002006804435974118e+03 5.002005985124539620e+03 5.002003404823615710e+03 5.002009092454964048e+03 5.002002251860983051e+03 5.002006872090398247e+03 5.002001488140454057e+03 5.002009057767028935e+03 5.002007741781704681e+03 5.002005019817072025e+03 5.002003454877186414e+03 5.002001752936548655e+03 5.002002330051878744e+03 5.002004824786240533e+03 5.002004799212975740e+03 5.002002723778525251e+03 5.002003919325372408e+03 5.002004187346850813e+03 5.002006002485995850e+03 5.002006044752174603e+03 5.002006683044621241e+03 5.002007584589602629e+03 5.002008986532546260e+03 5.002000033333129977e+03 5.002008594623618592e+03 5.002006928237173270e+03 5.002004992114490051e+03
2.008534095332704883e+00 5.002008496414885485e+03 5.002006394124256985e+03 5.002004774721605827e+03 5.002000639501746264e+03 5.002004704369272986e+03 5.002007580856650748e+03 5.002003530161555318e+03 5.002007377656943390e+03 5.002003491956713333e+03 5.002003100571083451e+03 5.002009178903261272e+03 5.002001860336815298e+03 5.002002981380173878e+03 5.002005445854458230e+03 5.002004341991144429e+03 5.002001781587594451e+03 5.002007347393102464e+03 5.002001853425022091e+03 5.002003366998205820e+03 5.002005562254298638e+03 5.002006307016367828e+03 5.002003096943328273e+03 5.002001822606622227e+03 5.002008699575550054e+03 5.002007655925805011e+03 5.002003846487209557e+03 5.002006058732088604e+03 5.002006852865332803e+03 5.002002545925337472e+03 5.002000462262880319e+03 5.002004982620573173e+03 5.002005624631070532e+03 5.002006369233336045e+03 5.002007663302127185e+03 5.002001381663957545e+03 5.002000467564183054e+03
2.005796984041005704e+00 5.002000115707154691e+03 5.002005248979353382e+03 5.002000367628990716e+03 5.002004141618733229e+03 5.002004616526169229e+03 5.002003245737375437e+03 5.002001773013784259e+03 5.002003880751702127e+03 5.002004862415124080e+03 5.002001262092508114e+03 5.002003052706327253e+03 5.002003342417500789e+03 5.002005135388691997e+03 5.002007783949389705e+03 5.002007268596096765e+03 5.002008669135661876e+03 5.002008692755463926e+03 5.002008299374710987e+03 5.002008313578396155e+03 5.002002856689468899e+03 5.002001635181864913e+03 5.002007624778289028e+03 5.002003206389303159e+03 5.002007327889163207e+03 5.002004283100000066e+03 5.002008729350473914e+03 5.002007219114579129e+03 5.002004234449529577e+03 5.002004273798014765e+03 5.002004452519090592e+03 5.002004809332120203e+03 5.002008104835588711e+03 5.002006701682810672e+03 5.002003179952159371e+03 5.002002294377345606e+03 5.002008187004263164e+03
2.009041221178574865e+00 5.002004432648017428e+03 5.002007250255849613e+03 5.002000603814383794e+03 5.002008766545873186e+03 5.002005227318059042e+03 5.002006681695924271e+03 5.002008987626431008e+03 5.002007450999833964e+03 5.002005098975944748e+03 5.002006675455600089e+03 5.002002960528817312e+03 5.002007729298351478e+03 5.002001996853899072e+03 5.002005992740030706e+03 5.002008590124316470e+03 5.002003428248718592e+03 5.002005800082166388e+03 5.002003665645923320e+03 5.002003834576846202e+03 5.002008508215609254e+03 5.002005295627506712e+03 5.002001166225914858e+03 5.002002902708234615e+03 5.002008719976136490e+03 5.002003714602235050e+03 5.002004099534772649e+03 5.002005394175794208e+03 5.002003663986775791e+03 5.002002771749735984e+03 5.002002389975492406e+03 5.002001115218780797e+03 5.002000936643815294e+03 5.002000997303129225e+03 5.002002261835465106e+03 5.002002558379843322e+03 5.002006407886658053e+03
2.008029406028710273e+00 5.002001349917863081e+03 5.002006712001508276e+03 5.002008067297523667e+03 5.002009014691737320e+03 5.002005583345243394e+03 5.002008884641304576e+03 5.002003643318248578e+03 5.002003407188637539e+03 5.002001771430118424e+03 5.002004082558229129e+03 5.002001068158549060e+03 5.002004763880921018e+03 5.002008761130453422e+03 5.002006953258508474e+03 5.002003492257994367e+03 5.002005543043109355e+03 5.002002608808522382e+03 5.002000173086030372e+03 5.002003163862720612e+03 5.002002051862711596e+03 5.002009281271296459e+03 5.002004360062553133e+03 5.002006848758153865e+03 5.002001503748362666e+03 5.002005412691111815e+03 5.002005583170180216e+03 5.002003681488225084e+03 5.002007641805607818e+03 5.002001428086470696e+03 5.002001433912568245e+03 5.002009058060647476e+03 5.002003664319225209e+03 5.002000871128455401e+03 5.002004644085530344e+03 5.002004831937739254e+03 5.002001157941922429e+03
2.004037252567882010e+00 5.002004515503653238e+03 5.002007995646575182e+03 5.002003057760023694e+03 5.002004678553681515e+03 5.002007337354303672e+03 5.002007692184967709e+03 5.002004966008819792e+03 5.002008869001314451e+03 5.002001544676460071e+03 5.002005618207866064e+03 5.002004745147244648e+03 5.002001835111701439e+03 5.002003067308761274e+03 5.002008124954791128e+03 5.002007543367560174e+03 5.002008368507261366e+03 5.002009043620842021e+03 5.002003380568909051e+03 5.002003175516462761e+03 5.002003402870751415e+03 5.002002558971216786e+03 5.002001900572655359e+03 5.002001702930016108e+03 5.002000663807903038e+03 5.002006775170129913e+03 5.002004978531022061e+03 5.002001441620910555e+03 5.002003912029107596e+03 5.002006946544676794e+03 5.002007303393355869e+03 5.002004181292327303e+03 5.002000596206472437e+03 5.002003214458888579e+03 5.002007390261396722e+03 5.002005345549273443e+03 5.002000324967330016e+03
2.008575608572761961e+00 5.002004829993198655e+03 5.002002144986617168e+03 5.002000292113292744e+03 5.002001775864987394e+03 5.002007011147968115e+03 5.002008991254877401e+03 5.002008010337583073e+03 5.002005820204879456e+03 5.002000439591882241e+03 5.002005253599448224e+03 5.002004856818587541e+03 5.002006817500185207e+03 5.002007553151516731e+03 5.002005243986607638e+03 5.002004214152470013e+03 5.002004449878789273e+03 5.002005116531141539e+03 5.002003618126637775e+03 5.002009297776357926e+03 5.002008966998057986e+03 5.002008795980129435e+03 5.002004695435986832e+03 5.002008906201102945e+03 5.002001424413209861e+03 5.002001376280700242e+03 5.002007146461959564e+03 5.002000366161650163e+03 5.002003863904252285e+03 5.002000049678732466e+03 5.002006182206473568e+03 5.002004732890814012e+03 5.002002916527244452e+03 5.002007758791024571e+03 5.002000738761761568e+03 5.002000544611207260e+03 5.002004881679565187e+03
2.003010560449763666e+00 5.002009076066792659e+03 5.002004850242209613e+03 5.002007269006837305e+03 5.002006164655026623e+03 5.002006329617668598e+03 5.002005597954942459e+03 5.002006402475683899e+03 5.002008156941373272e+03 5.002008371896954486e+03 5.002009002973249153e+03 5.002000111141445814e+03 5.002001494799593274e+03 5.002005196990896366e+03 5.002003594011782297e+03 5.002002781484042316e+03 5.002006694859195704e+03 5.002002063149582682e+03 5.002006256610521632e+03 5.002007270755239915e+03 5.002007064024542160e+03 5.002005728219661250e+03 5.002008506560619026e+03 5.002001210577476741e+03 5.002001570493236613e+03 5.002005825606704093e+03 5.002002535170837291e+03 5.002007828824897842e+03 5.002004582644291077e+03 5.002007161286667724e+03 5.002000007906759492e+03 5.002004399649898915e+03 5.002007351799213211e+03 5.002006201281917129e+03 5.002005913339357903e+03 5.002001540802703857e+03 5.002005013806923671e+03
2.001140670907884722e+00 5.002008231743518991e+03 5.002000063206513914e+03 5.002008916495718950e+03 5.002002541608437241e+03 5.002002542464795624e+03 5.002008592637626862e+03 5.002001177274358270e+03 5.002004353945010735e+03 5.002005745362379457e+03 5.002003157922107675e+03 5.002000405044029321e+03 5.002003568411523702e+03 5.002007848870552152e+03 5.002006304055174951e+03 5.002007624216488693e+03 5.002002665224335033e+03 5.002005383083023844e+03 5.002008308919807860e+03 5.002004464884096706e+03 5.002001517841111308e+03 5.002005371417075366e+03 5.002007980572100678e+03 5.002009198402855873e+03 5.002001325670709775e+03 5.002006914029049767e+03 5.002001766364741343e+03 5.002004298280344301e+03 5.002006063310035643e+03 5.002001327576825133e+03 5.002003675760226542e+03 5.002008766378625296e+03 5.002001147287251115e+03 5.002005901280283979e+03 5.002002262005918055e+03 5.002001713749312330e+03 5.002000462349320514e+03
2.004940147565392294e+00 5.002004352019941507e+03 5.002007977133080203e+03 5.002004270222611922e+03 5.002008111095109598e+03 5.002005746574415753e+03 5.002003528733088388e+03 5.002005497222796293e+03 5.002009205857810230e+03 5.002003501938245790e+03 5.002005044555970017e+03 5.002001398884919581e+03 5.002004065832534252e+03 5.002009100311278416e+03 5.002008323576826115e+03 5.002007429318325194e+03 5.002003180414881172e+03 5.002003240390265091e+03 5.002004548781283120e+03 5.002008312060307617e+03 5.002005275348558825e+03 5.002006652477311036e+03 5.002005389916072090e+03 5.002001424133178261e+03 5.002007235503117045e+03 5.002002696092989936e+03 5.002007249759205479e+03 5.002001320042385487e+03 5.002008607468560513e+03 5.002000651446811389e+03 5.002007756965392218e+03 5.002008913434243368e+03 5.002001035448392940e+03 5.002002390558418483e+03 5.002006169317160129e+03 5.002006761103987628e+03 5.002008602436126239e+03
2.003101302940290207e+00 5.002008493453416122e+03 5.002007033830059299e+03 5.002007271351747477e+03 5.002003111606555649e+03 5.002004517123491496e+03 5.002005814634717353e+03 5.002004943185386765e+03 5.002009132097724432e+03 5.002001514545410828e+03 5.002003227836466976e+03 5.002008325095351211e+03 5.002006569522872269e+03 5.002007653880845282e+03 5.002006531856419315e+03 5.002001639365112169e+03 5.002006318530244243e+03 5.002005583508157542e+03 5.002006286329543400e+03 5.002001440088062736e+03 5.002006866784623526e+03 5.002002417743857222e+03 5.002001239969225026e+03 5.002000650444114399e+03 5.002007463297314644e+03 5.002007139445056055e+03 5.002007506181883400e+03 5.002000684639458996e+03 5.002007945347026180e+03 5.002005579379630035e+03 5.002002111492661243e+03 5.002000621520355708e+03 5.002005988907953906e+03 5.002009032234492224e+03 5.002001757919608281e+03 5.002002173454062358e+03 5.002004179732242847e+03
2.001303635835976369e+00 5.002003787314764850e+03 5.002001881939876512e+03 5.002008274807352791e+03 5.002003862101873892e+03 5.002004844931421758e+03 5.002001641232697693e+03 5.002000603743696956e+03 5.002000589236276937e+03 5.002004516298502494e+03 5.002002681620429939e+03 5.002003270452912147e+03 5.002003567238069991e+03 5.002009360137011754e+03 5.002008474866028337e+03 5.002007570345313070e+03 5.002001537126216135e+03 5.002007973265976943e+03 5.002003012891776962e+03 5.002003748589193492e+03 5.002008664515965393e+03 5.002004964804987139e+03 5.002008416903750913e+03 5.002006202724663126e+03 5.002005382603038925e+03 5.002006528809584779e+03 5.002007905350546025e+03 5.002004740878034681e+03 5.002006995400219239e+03 5.002005996352475449e+03 5.002007909061187092e+03 5.002002375596652200e+03 5.002008408332421823e+03 5.002005991317956614e+03 5.002008820666820611e+03 5.002005051520901361e+03 5.002002998791919708e+03
2.002550969840533046e+00 5.002006931328180144e+03 5.002002714937358178e+03 5.002009096258268073e+03 5.002003095385590314e+03 5.002005304072600666e+03 5.002002934581092632e+03 5.002003262840705247e+03 5.002000755281483180e+03 5.002005150878980203e+03 5.002002428191922263e+03 5.002003762534103771e+03 5.002006218379811799e+03 5.002004291820062463e+03 5.002007894686557847e+03 5.002000759167553042e+03 5.002002404976772596e+03 5.002007641931472790e+03 5.002002735028487223e+03 5.002009028047070387e+03 5.002007429280484757e+03 5.002002465963633767e+03 5.002006390314450982e+03 5.002005891787623113e+03 5.002009407721333446e+03 5.002006047252980352e+03 5.002000969340314441e+03 5.002001046992080774e+03 5.002003026530482202e+03 5.002001811726358937e+03 5.002003426055153795e+03 5.002003370544402969e+03 5.002004265083154678e+03 5.002007289223616681e+03 5.002007613567040607e+03 5.002009027710214468e+03 5.002005205543440752e+03
2.005398762161882953e+00 5.002009027819002768e+03 5.002005399254655458e+03 5.002003626684031588e+03 5.002002015132674387e+03 5.002005470291411257e+03 5.002003751816894692e+03 5.002003587426869672e+03 5.002002354219259360e+03 5.002006372492654918e+03 5.002005032639704041e+03 5.002001768256353898e+03 5.002004427969231983e+03 5.002008019490995139e+03 5.002001817793402552e+03 5.002002155794585633e+03 5.002007140260594497e+03 5.002002622934758620e+03 5.002007762757742967e+03 5.002006935440477719e+03 5.002003573803416657e+03 5.002005576757074778e+03 5.002005136594388205e+03 5.002003033589109691e+03 5.002003956376006499e+03 5.002006856043060907e+03 5.002003040871413759e+03 5.002003453973981777e+03 5.002006483774824119e+03 5.002007338692598751e+03 5.002004680945173277e+03 5.002001260791142158e+03 5.002007580398454593e+03 5.002007887086316259e+03 5.002005474949733070e+03 5.002002738215711361e+03 5.002002778905707601e+03
