Fall2022/C:\Users\gsbir\Documents\EES_393\Export\sample_topo2_topographic__elevation.txt
ncols 100
nrows 100
xllcorner 0.0
yllcorner 0.0
cellsize 10.0
[rows 34 to 50 of 100, columns 37 to 73 of 100]
5.483235604198108959e+00 4.606078851490563508e+00 4.183429120680189683e+00 5.020292413863659320e+00 4.947789254556839822e+00 4.594235863963566757e+00 3.984117819461616694e+00 2.984117819461615806e+00 3.984117819461616694e+00 3.728398883518504014e+00 2.728398883518500462e+00 3.395065550185170089e+00 2.454300437961075332e+00 3.454300437961078885e+00 2.922045140155812515e+00 3.922045140155813403e+00 4.807663223319941892e+00 5.385013492509569843e+00 5.571113256243396705e+00 5.008400375332062282e+00 4.008400375332060506e+00 4.301293594145512600e+00 3.459419568897223130e+00 3.826964036863548912e+00 2.887653749766986078e+00 3.887653749766990074e+00 3.484015475002148143e+00 3.892263765466012160e+00 4.892263765466013936e+00 5.550421199627324498e+00 4.860771330866802131e+00 4.860771330866802131e+00 5.860771330866803908e+00 6.245615824661864934e+00 5.254051993099144724e+00 5.212250711769289779e+00 4.212250711769288003e+00
5.069022041825014924e+00 4.069022041825013147e+00 3.606078851490562620e+00 4.606078851490563508e+00 5.068574869837792818e+00 4.068574869837791042e+00 3.361468088651243136e+00 2.784117819461615184e+00 3.525918929714457306e+00 3.751350667921916404e+00 3.337137105548820593e+00 2.395065550185166092e+00 3.395065550185170089e+00 3.868514000334175584e+00 3.922045140155813403e+00 3.393449660946845192e+00 3.970799930136472700e+00 4.970799930136474032e+00 5.156899693870302670e+00 4.156899693870300894e+00 4.301293594145512600e+00 3.301293594145511712e+00 3.766771110320664029e+00 2.826964036863545360e+00 3.826964036863548912e+00 3.295902040230850094e+00 3.612129806247688979e+00 4.612129806247690311e+00 4.599370546652560066e+00 5.599370546652561842e+00 5.860771330866803908e+00 5.860771330866803908e+00 6.274984893239897943e+00 5.831402262288770899e+00 4.831402262288769123e+00 4.254051993099142948e+00 3.934900613656675539e+00
4.286775563562628122e+00 4.252525460897288667e+00 3.252525460897287335e+00 4.252525460897288667e+00 4.976896975439219162e+00 4.562683413066125127e+00 4.198331381834710996e+00 3.525918929714457306e+00 2.525918929714453309e+00 3.279735947755790804e+00 2.337137105548816596e+00 3.337137105548820593e+00 3.027521082218844306e+00 4.027521082218845194e+00 4.807663223319941892e+00 4.100556442133393986e+00 4.807663223319941892e+00 5.215764610766894904e+00 4.801551048393800869e+00 4.340403112942574637e+00 3.340403112942573749e+00 3.707947580908899532e+00 2.766771110320660476e+00 3.766771110320664029e+00 4.241177599236641171e+00 4.295902040230851426e+00 4.612129806247690311e+00 4.146652290072537994e+00 5.146652290072539770e+00 5.599370546652561842e+00 6.599370546652563618e+00 6.722739698483351845e+00 6.015632917296803939e+00 5.515632917296803939e+00 5.101419354923709903e+00 4.676701723909516772e+00 3.676701723909515884e+00
3.664740036571854986e+00 3.286775563562626346e+00 2.985264218984862161e+00 3.707914120872250585e+00 4.122127683245343732e+00 3.562683413066123350e+00 3.746186832138398870e+00 3.638308021721421426e+00 3.224094459348324726e+00 2.279735947755787251e+00 3.279735947755790804e+00 2.871659589373667387e+00 3.871659589373670940e+00 3.844017663146572339e+00 4.844017663146573227e+00 5.100556442133395763e+00 5.190700062156132333e+00 4.638414341577266953e+00 3.801551048393799093e+00 4.063790302740214244e+00 3.649576740367121097e+00 2.707947580908895535e+00 3.707947580908899532e+00 3.120324500913935317e+00 3.397674599026550446e+00 4.397674599026551334e+00 5.259101756899605462e+00 5.146652290072539770e+00 4.853759071259085900e+00 5.853759071259087676e+00 6.227716458019123991e+00 5.813502895646029955e+00 5.308526136110256033e+00 4.601419354923708127e+00 4.101419354923708127e+00 3.747865964330434174e+00 3.472577578677584764e+00
4.664740036571856763e+00 4.286775563562628122e+00 3.707914120872250585e+00 2.707914120872247032e+00 3.707914120872250585e+00 3.746186832138398870e+00 2.746186832138395317e+00 3.168836562948770919e+00 2.224094459348321173e+00 3.224094459348324726e+00 3.096232528683515284e+00 3.871659589373670940e+00 3.578766370560217069e+00 4.578766370560218846e+00 5.258231225519669039e+00 5.060943550159210602e+00 4.483593280969582651e+00 3.776486499783036521e+00 3.224200779204171141e+00 3.591745247170496924e+00 2.649576740367117544e+00 3.649576740367121097e+00 4.122161143281992679e+00 3.827431282100484999e+00 4.397674599026551334e+00 3.844888194526509650e+00 4.551994975713057556e+00 5.551994975713059333e+00 5.853759071259087676e+00 6.267972633632181712e+00 5.650366188829497816e+00 4.813502895646028179e+00 5.365909138453325511e+00 5.515632917296803939e+00 4.983568224725951623e+00 3.983568224725950291e+00 3.276461443539401053e+00
5.196753741900938195e+00 4.235415600032021999e+00 3.235415600032021111e+00 2.528308818845471428e+00 3.289263096978595868e+00 3.528373470140486745e+00 3.114159907767390045e+00 2.168836562948767366e+00 3.168836562948770919e+00 2.856549991381998943e+00 3.856549991382002496e+00 4.096232528683517060e+00 4.578766370560218846e+00 4.992979932933312881e+00 5.251595845713438848e+00 4.646729987786116567e+00 3.646729987786114791e+00 3.069379718596486839e+00 3.534857234771639156e+00 2.591745247170493371e+00 3.591745247170496924e+00 3.184099224191968780e+00 3.592347514655832796e+00 4.592347514655834573e+00 5.241644844473581699e+00 4.551994975713057556e+00 4.551994975713057556e+00 5.551994975713059333e+00 6.061854389863304604e+00 5.647640827490210569e+00 5.236152626456403780e+00 4.236152626456402004e+00 4.365909138453323735e+00 5.073015919639871640e+00 4.917872599515884957e+00 4.396302291795773698e+00 3.982088729422677442e+00
4.196753741900936419e+00 4.196753741900936419e+00 3.942522381218567684e+00 3.289263096978595868e+00 2.289263096978591872e+00 3.059847363108032958e+00 2.114159907767386493e+00 3.114159907767390045e+00 2.801292094982445136e+00 3.801292094982448688e+00 3.673046572309726976e+00 4.673046572309727864e+00 5.510446091056612872e+00 5.196630874720506554e+00 4.544489064526889166e+00 3.837382283340342148e+00 3.892682409701275326e+00 3.478468847328179514e+00 2.534857234771635603e+00 3.534857234771639156e+00 2.999993537634357388e+00 3.316221303651196273e+00 4.316221303651197161e+00 4.299454295842380702e+00 5.299454295842382479e+00 5.551994975713059333e+00 5.551994975713059333e+00 5.966208538086153368e+00 5.484504120673678429e+00 4.647640827490208792e+00 5.484504120673678429e+00 4.658802357266775829e+00 3.658802357266774941e+00 4.232400924555555832e+00 3.917872599515884513e+00 3.917872599515884513e+00 2.982088729422676554e+00
3.930845293353481207e+00 3.196753741900935530e+00 3.489646960714389401e+00 3.421502092358365665e+00 3.007288529985268966e+00 2.059847363108029406e+00 3.059847363108032958e+00 2.746615439801064262e+00 3.746615439801067815e+00 3.617788675910173168e+00 4.617788675910174945e+00 5.087260134682823676e+00 5.142035765677245962e+00 4.489524093533956872e+00 3.782417312347410743e+00 3.130275502153792466e+00 3.423168720967246337e+00 2.478468847328175517e+00 3.478468847328179514e+00 3.949070797144731859e+00 3.999993537634358720e+00 4.316221303651197161e+00 3.850743787476047508e+00 4.850743787476048396e+00 5.299454295842382479e+00 6.299454295842384255e+00 5.749382249443899084e+00 5.335168687070805049e+00 5.070290558300582617e+00 4.070290558300581729e+00 4.535768074475733158e+00 4.949981636848828970e+00 4.232400924555555832e+00 3.232400924555554944e+00 3.854436451546331632e+00 2.917872599515883181e+00 3.917872599515884513e+00
3.516631730980388504e+00 3.489646960714389401e+00 2.489646960714385848e+00 2.955124476889539054e+00 2.007288529985265413e+00 3.007288529985268966e+00 2.692302895141707175e+00 3.692302895141710728e+00 3.563112020728792295e+00 4.563112020728793183e+00 5.032002238283268980e+00 5.088275432620198657e+00 4.434928984490696280e+00 3.727822203304149262e+00 3.075310531160861061e+00 3.368203749974314931e+00 2.423168720967242340e+00 3.423168720967246337e+00 2.787075547252360508e+00 3.037075547252361396e+00 4.037075547252362284e+00 4.843521379901826407e+00 4.850743787476048396e+00 4.557850568662596302e+00 5.557850568662598079e+00 5.749382249443899084e+00 5.172031980254272909e+00 4.335168687070803273e+00 5.172031980254272909e+00 4.535768074475733158e+00 3.535768074475732270e+00 4.109366641764513162e+00 4.206987372321604468e+00 3.792773809948511321e+00 2.854436451546328080e+00 3.854436451546331632e+00 3.452395083340734416e+00
3.075622039435674360e+00 3.317629270263132923e+00 2.903415707890037112e+00 1.955124476889535279e+00 2.955124476889539054e+00 2.541811013810116648e+00 3.541811013810120201e+00 3.508799476069435208e+00 4.508799476069436096e+00 4.977325583101888995e+00 5.034823184237712468e+00 4.381168651433648975e+00 3.674061870247101957e+00 3.020715422117599580e+00 3.313608640931053451e+00 2.368203749974310934e+00 3.368203749974314931e+00 3.837382283340342148e+00 3.287075547252362284e+00 4.037075547252362284e+00 3.429307817528730595e+00 4.429307817528732372e+00 5.314925900692859528e+00 5.557850568662598079e+00 5.972064131035692114e+00 5.335168687070805049e+00 4.335168687070803273e+00 3.757818417881177098e+00 4.310604822381218781e+00 4.724818384754314593e+00 4.109366641764513162e+00 3.109366641764512273e+00 3.731402168755289850e+00 2.792773809948507324e+00 3.792773809948511321e+00 3.262684742010190320e+00 4.262684742010192096e+00
2.075622039435670363e+00 2.852015241685694313e+00 1.903415707890033337e+00 2.903415707890037112e+00 2.771621057817263534e+00 3.541811013810120201e+00 3.248917794996666331e+00 4.248917794996668107e+00 4.923013038442531908e+00 4.982081917962723594e+00 4.327716403051162786e+00 3.620609621864616656e+00 2.966955089060552275e+00 3.259848307874006146e+00 2.313608640931049454e+00 3.313608640931053451e+00 3.368203749974314931e+00 4.368203749974316707e+00 3.994182328438911522e+00 4.701289109625458096e+00 4.429307817528732372e+00 3.900712338319763273e+00 4.607819119506311623e+00 5.607819119506313399e+00 5.894577435052161363e+00 5.480363872679067327e+00 5.172031980254272909e+00 4.310604822381218781e+00 3.310604822381217893e+00 3.945456450711108953e+00 4.085313462212829094e+00 3.671099899839736835e+00 2.731402168755285853e+00 3.731402168755289850e+00 4.206987372321604468e+00 4.262684742010192096e+00 3.734089262801223441e+00
2.802170763057771019e+00 1.852015241685690539e+00 2.852015241685694313e+00 2.535871239923711329e+00 3.535871239923714882e+00 3.771621057817267086e+00 4.248917794996668107e+00 4.663131357369762142e+00 4.929631640204986454e+00 4.274975136776173912e+00 3.567868355589627782e+00 2.913502840678066974e+00 3.206396059491520845e+00 2.259848307874002149e+00 3.259848307874006146e+00 2.691573113940277651e+00 2.993084458518041835e+00 3.993084458518043167e+00 4.907298020891140311e+00 5.408395890812007778e+00 4.900712338319763717e+00 4.607819119506311623e+00 5.314925900692859528e+00 5.838189047608702609e+00 5.423975485235608573e+00 4.480363872679065551e+00 4.663867291751341071e+00 4.724818384754314593e+00 3.945456450711108953e+00 2.945456450711107621e+00 3.612123117377778136e+00 2.671099899839733283e+00 3.671099899839736835e+00 3.731402168755289850e+00 4.731402168755291626e+00 5.148302825174319253e+00 4.441196043987771347e+00
1.802170763057767688e+00 2.802170763057771019e+00 2.484470773719368530e+00 3.484470773719372083e+00 3.352367820851439362e+00 4.352367820851441138e+00 5.185834620190362898e+00 4.877991862255553812e+00 4.222524859018436771e+00 3.515418077831889754e+00 2.860761574403078100e+00 3.153654793216531971e+00 2.206396059491517292e+00 3.206396059491520845e+00 3.674061870247101957e+00 3.398679895126827333e+00 3.993084458518043167e+00 3.493084458518043611e+00 4.200191239704592405e+00 5.200191239704594182e+00 5.900712338319765493e+00 5.607819119506313399e+00 5.664064122293339665e+00 5.249850559920245630e+00 4.423975485235606797e+00 4.607478904307880541e+00 3.663867291751339295e+00 4.031411759717663301e+00 3.968456771733547495e+00 3.554243209360454792e+00 2.612123117377774584e+00 3.612123117377778136e+00 2.979706599763916941e+00 3.979706599763918273e+00 4.313039933097250866e+00 5.313039933097252643e+00 5.441196043987773123e+00
2.752602603348110577e+00 2.434626295091445236e+00 3.434626295091448789e+00 3.300967354647096563e+00 4.300967354647097451e+00 4.766581383224535173e+00 4.696868800564880431e+00 4.170885081069004130e+00 3.463778299882458001e+00 2.808311296645340072e+00 3.101204515458793942e+00 2.153654793216527974e+00 3.153654793216531971e+00 2.614644349955381308e+00 2.930872115972220193e+00 3.930872115972221525e+00 4.812893457499923144e+00 4.493084458518044499e+00 4.309581039445770756e+00 5.309581039445772532e+00 5.882170938599987409e+00 5.459521207789613584e+00 5.045307645416519549e+00 4.249850559920243853e+00 4.433353978992517597e+00 3.607478904307879652e+00 3.975023372274203215e+00 3.031411759717661525e+00 3.496889275892814730e+00 2.554243209360451239e+00 3.554243209360454792e+00 4.026336679750871284e+00 3.979706599763918273e+00 3.313039933097249978e+00 4.313039933097250866e+00 5.135501785934208030e+00 5.635501785934208030e+00
2.287125087172957372e+00 3.287125087172960924e+00 3.251122876019173269e+00 4.251122876019174157e+00 4.715180917020193263e+00 4.696868800564880431e+00 3.989762019378331193e+00 3.282655238191784619e+00 2.756671518695908318e+00 3.049564737509362189e+00 2.101204515458790389e+00 3.101204515458793942e+00 3.567868355589627782e+00 3.614644349955384861e+00 3.930872115972221525e+00 3.465394599797071429e+00 4.172501380983620223e+00 5.172501380983621999e+00 5.309581039445772532e+00 5.558448283053287753e+00 5.144234720680193718e+00 4.467957376226891597e+00 4.045307645416517772e+00 4.433353978992517597e+00 3.433353978992516709e+00 3.856003709802892310e+00 2.975023372274201883e+00 3.440500888449354200e+00 2.496889275892810733e+00 3.496889275892814730e+00 3.088765693185302474e+00 4.088765693185303363e+00 4.727253495470346678e+00 4.313039933097250866e+00 3.721288223561112218e+00 4.221288223561112218e+00 5.221288223561113995e+00
3.287125087172960924e+00 2.994231868359507054e+00 3.994231868359508386e+00 4.665336438392269969e+00 4.627795916249741737e+00 4.213582353876647701e+00 3.282655238191784619e+00 2.575548457005234937e+00 2.998198187815610538e+00 2.049564737509358192e+00 3.049564737509362189e+00 2.454757906052065231e+00 2.732108004164680359e+00 3.732108004164683912e+00 4.593535162037735375e+00 4.465394599797072317e+00 4.281891180724798573e+00 5.281891180724800350e+00 5.188204795050209484e+00 4.773991232677113672e+00 4.144234720680191941e+00 4.467957376226891597e+00 3.467957376226890709e+00 4.467957376226891597e+00 3.856003709802892310e+00 2.856003709802888757e+00 3.384599189011860076e+00 2.440500888449350647e+00 3.440500888449354200e+00 2.923290708604031174e+00 3.923290708604032506e+00 3.721221225218980244e+00 4.721221225218981132e+00 5.135501785934208030e+00 4.221288223561112218e+00 5.135501785934208030e+00 5.635501785934208030e+00
3.519981517034578289e+00 3.994231868359508386e+00 4.408445430732603754e+00 4.577951437621820219e+00 4.163737875248724407e+00 3.213582353876645925e+00 3.361774781834522940e+00 2.947561219461427129e+00 1.998198187815606541e+00 2.998198187815610538e+00 3.463778299882458001e+00 3.161864687238614913e+00 3.732108004164683912e+00 3.179321599664639564e+00 3.886428380851189246e+00 4.886428380851191022e+00 5.281891180724800350e+00 5.512920002619230431e+00 4.773991232677113672e+00 3.773991232677112784e+00 3.566884451490564878e+00 4.114403985633616756e+00 3.114403985633615868e+00 3.667190390133660216e+00 3.743889247746847282e+00 3.329675685373750582e+00 2.384599189011856080e+00 3.384599189011860076e+00 3.854714450822450900e+00 3.923290708604032506e+00 3.423290708604032950e+00 4.423290708604033838e+00 4.537717806146707389e+00 5.537717806146709165e+00 4.928395004747660124e+00 5.635501785934208030e+00 5.436472405084465720e+00
