Fall2022/C:\Users\gsbir\Documents\EES_393\Export\sample_topo2_bedrock__elevation.txt
ncols 100
nrows 100
xllcorner 0.0
yllcorner 0.0
cellsize 10.0
[rows 17 to 33 of 100, columns 37 to 73 of 100]
5.000003427770599956e+03 5.000005191873547119e+03 5.000003237294529754e+03 5.000009997397650295e+03 5.000003283334522166e+03 5.000001745711851981e+03 5.000006828056044469e+03 5.000005326735019480e+03 5.000004161252836639e+03 5.000005920188486016e+03 5.000008797442818832e+03 5.000002717221184867e+03 5.000008763831576289e+03 5.000003367910847373e+03 5.000000058992679442e+03 5.000002878606763261e+03 5.000007707569297963e+03 5.000005509639587217e+03 5.000006228313409338e+03 5.000001774354982444e+03 5.000001952166197043e+03 5.000004052764562402e+03 5.000006770174555641e+03 5.000004246380787663e+03 5.000007716200507275e+03 5.000002543379339841e+03 5.000003540118299497e+03 5.000006315663619716e+03 5.000007061768130370e+03 5.000004413390697664e+03 5.000002378766698712e+03 5.000001820400200813e+03 5.000005643455166137e+03 5.000002538996252042e+03 5.000001518422033769e+03 5.000006254565012568e+03 5.000009541980054564e+03
5.000002959486774671e+03 5.000005826971647366e+03 5.000004131711515583e+03 5.000009182646590489e+03 5.000008853321340212e+03 5.000006870255085232e+03 5.000000274757693660e+03 5.000008875529359102e+03 5.000007063368295348e+03 5.000001685705365162e+03 5.000006043775542821e+03 5.000009949771258107e+03 5.000006126278289230e+03 5.000008415153150054e+03 5.000007125847372663e+03 5.000006542637044731e+03 5.000003872014257468e+03 5.000009254544002033e+03 5.000005198227927394e+03 5.000008118509526867e+03 5.000003757658246286e+03 5.000004838213440962e+03 5.000004320004724832e+03 5.000000956468321419e+03 5.000003885694598466e+03 5.000009581640350007e+03 5.000005697218719433e+03 5.000000996702035991e+03 5.000004835544346861e+03 5.000003714153469446e+03 5.000005940782391917e+03 5.000006957160187085e+03 5.000006740282967257e+03 5.000007903939073003e+03 5.000009221986188095e+03 5.000003292702613180e+03 5.000005516278297364e+03
5.000005794392076496e+03 5.000007810847747351e+03 5.000003650445736639e+03 5.000004489165811719e+03 5.000003731858940228e+03 5.000003713641287504e+03 5.000004664384565331e+03 5.000004353413839453e+03 5.000002972374409183e+03 5.000002073831936286e+03 5.000009848514414443e+03 5.000003604959207223e+03 5.000009157254790807e+03 5.000000850512198667e+03 5.000004191967097540e+03 5.000009866258639704e+03 5.000006902396652549e+03 5.000009110648516980e+03 5.000001492913218499e+03 5.000009648399942307e+03 5.000003677529670313e+03 5.000005379895129408e+03 5.000002890455307352e+03 5.000005295226486851e+03 5.000005306442354595e+03 5.000003310195172162e+03 5.000009979457297959e+03 5.000008411961648562e+03 5.000009927006491125e+03 5.000000066255508500e+03 5.000009611972394850e+03 5.000001136184945608e+03 5.000000372039512513e+03 5.000006706503309033e+03 5.000001113012322094e+03 5.000006874686736410e+03 5.000002032999624134e+03
5.000008288952671137e+03 5.000003914189323041e+03 5.000006803055665841e+03 5.000003165829867612e+03 5.000000767274786995e+03 5.000002674386981198e+03 5.000006089316321777e+03 5.000007947167316161e+03 5.000005088710366181e+03 5.000006747993365934e+03 5.000006800592671425e+03 5.000000344612188201e+03 5.000006893737960127e+03 5.000009308806533227e+03 5.000002111173816957e+03 5.000005555777667723e+03 5.000001074840860383e+03 5.000003057976224227e+03 5.000004473333807255e+03 5.000003537840828358e+03 5.000000653635855087e+03 5.000006827846236774e+03 5.000008344163130459e+03 5.000000851509093991e+03 5.000001956791454177e+03 5.000005469433353937e+03 5.000003034477284018e+03 5.000008643664664305e+03 5.000004733833196951e+03 5.000008246033991782e+03 5.000001748344920088e+03 5.000005091829352750e+03 5.000005863037815288e+03 5.000006652215606664e+03 5.000006115558640886e+03 5.000002581327114967e+03 5.000005614618898107e+03
5.000005919096438447e+03 5.000001464088759349e+03 5.000002523594434024e+03 5.000005138963151694e+03 5.000001962333040865e+03 5.000003103520095465e+03 5.000003955112283620e+03 5.000005989802602926e+03 5.000000828985283988e+03 5.000006190036796397e+03 5.000004808641122509e+03 5.000009562224071487e+03 5.000002414189161755e+03 5.000000383083015549e+03 5.000002226112929748e+03 5.000007232777028548e+03 5.000007757680449686e+03 5.000008975074845694e+03 5.000002142342054867e+03 5.000007707937047599e+03 5.000003946160760279e+03 5.000000129390798065e+03 5.000004540575951978e+03 5.000003620050176323e+03 5.000006266744898312e+03 5.000002588352466773e+03 5.000001650576232350e+03 5.000006111178990068e+03 5.000007805876743078e+03 5.000002254160277516e+03 5.000004436867289769e+03 5.000007268805126841e+03 5.000000752935133278e+03 5.000004888572580967e+03 5.000003836788436274e+03 5.000001630160344575e+03 5.000003399551205803e+03
5.000005326248985511e+03 5.000009224750952853e+03 5.000001155336816737e+03 5.000007458946555744e+03 5.000006092031946537e+03 5.000000238480087319e+03 5.000008447491172774e+03 5.000001664252989031e+03 5.000007930732324894e+03 5.000008414730298682e+03 5.000007472127919755e+03 5.000002542272006394e+03 5.000006596439753594e+03 5.000001502241737398e+03 5.000005986782525724e+03 5.000000856468558595e+03 5.000001611825789041e+03 5.000005344023112229e+03 5.000006652612166363e+03 5.000005852936592419e+03 5.000007550601983894e+03 5.000005131790159794e+03 5.000003265142669079e+03 5.000003311811222375e+03 5.000003681344960569e+03 5.000002629990171954e+03 5.000008125819127599e+03 5.000005684226556696e+03 5.000005959027920653e+03 5.000001523843765426e+03 5.000007050070918922e+03 5.000008323309177285e+03 5.000001089364082873e+03 5.000003732000366654e+03 5.000008837083167236e+03 5.000006751856819392e+03 5.000003426474233493e+03
5.000002819321369316e+03 5.000002141498540368e+03 5.000002085913855808e+03 5.000002545290306443e+03 5.000003991821898126e+03 5.000001476216253650e+03 5.000007167213267167e+03 5.000008818988367238e+03 5.000004381524238852e+03 5.000004320475466557e+03 5.000004642489419894e+03 5.000004011634240669e+03 5.000004278469617930e+03 5.000006549759511472e+03 5.000009309899278378e+03 5.000006859787372377e+03 5.000000029020405236e+03 5.000006779235375689e+03 5.000007621982875207e+03 5.000009960001337276e+03 5.000008277758772238e+03 5.000000850919263030e+03 5.000007374522949249e+03 5.000003682726984152e+03 5.000008300325696837e+03 5.000007789344231242e+03 5.000004958266308677e+03 5.000005225454675383e+03 5.000000455556189081e+03 5.000004251472437318e+03 5.000005842808226589e+03 5.000007003088887359e+03 5.000000894755594345e+03 5.000002402465733212e+03 5.000006990185635004e+03 5.000001912805668326e+03 5.000002228642852970e+03
5.000008697341789230e+03 5.000004688574437751e+03 5.000005277674796162e+03 5.000002009341079429e+03 5.000008490895166688e+03 5.000000935138808018e+03 5.000006991527248829e+03 5.000005012031233491e+03 5.000004775191806402e+03 5.000008511032183378e+03 5.000004054648709825e+03 5.000003598744381634e+03 5.000000002528501682e+03 5.000005469838913086e+03 5.000001229478290043e+03 5.000008711789060726e+03 5.000003531080830726e+03 5.000001491160101068e+03 5.000006060745208742e+03 5.000007458437471541e+03 5.000002718363204622e+03 5.000002680054389202e+03 5.000003142315875266e+03 5.000000761629629778e+03 5.000002520232376810e+03 5.000000814094377347e+03 5.000007686954782912e+03 5.000004638025471650e+03 5.000001083442715753e+03 5.000007038139492579e+03 5.000008375198864087e+03 5.000006924644016181e+03 5.000000630293451650e+03 5.000005601669006865e+03 5.000004123678039832e+03 5.000002311052223376e+03 5.000001369174629872e+03
5.000007321538781980e+03 5.000000171079486790e+03 5.000009369520823384e+03 5.000000141555055961e+03 5.000001726121761749e+03 5.000003199501397830e+03 5.000005825858976095e+03 5.000009420910982044e+03 5.000006619444558055e+03 5.000006343707598717e+03 5.000007390258092528e+03 5.000003098918410615e+03 5.000007384496981103e+03 5.000008602356509982e+03 5.000002365889047724e+03 5.000004482379456022e+03 5.000009634398598791e+03 5.000007201966540379e+03 5.000000747532121750e+03 5.000007157126778111e+03 5.000002236073216409e+03 5.000001437789781448e+03 5.000007516248390857e+03 5.000005952883078862e+03 5.000000560029047847e+03 5.000001291657289585e+03 5.000002403618668723e+03 5.000008215583844503e+03 5.000004720240945971e+03 5.000006222027437616e+03 5.000003162772917676e+03 5.000004895070453131e+03 5.000003469189120551e+03 5.000000947630564042e+03 5.000000856011757605e+03 5.000003326060340441e+03 5.000003749128686650e+03
5.000003008099261933e+03 5.000005466497484122e+03 5.000000606169343882e+03 5.000006504621274871e+03 5.000009848498046267e+03 5.000001045242279361e+03 5.000007475765527488e+03 5.000004965181130501e+03 5.000006579732080354e+03 5.000000516417135259e+03 5.000000249857812378e+03 5.000008928881021347e+03 5.000006098229729105e+03 5.000002870931220968e+03 5.000008516329504346e+03 5.000002180488674639e+03 5.000004229359843521e+03 5.000006152981110063e+03 5.000008611176549493e+03 5.000007121510821889e+03 5.000006525842541123e+03 5.000000796426131274e+03 5.000009149134286417e+03 5.000004442984514753e+03 5.000005273444409795e+03 5.000003202182273526e+03 5.000007568273360448e+03 5.000003491735791613e+03 5.000005845870065968e+03 5.000008662847418236e+03 5.000003971082128373e+03 5.000001401905126841e+03 5.000004988968522412e+03 5.000005101568121972e+03 5.000008501808914843e+03 5.000001086982896595e+03 5.000001288229521379e+03
5.000002384552753028e+03 5.000000712302059583e+03 5.000005243433529358e+03 5.000009587568267307e+03 5.000001910942462018e+03 5.000007750374081297e+03 5.000000161370536262e+03 5.000003966784267504e+03 5.000009566423822434e+03 5.000005140795679836e+03 5.000008336856142705e+03 5.000009545399815579e+03 5.000008341639004357e+03 5.000008234983134571e+03 5.000003373531608304e+03 5.000009929645662851e+03 5.000001348529678580e+03 5.000003231595594116e+03 5.000004122942622416e+03 5.000008993857130918e+03 5.000007622774015545e+03 5.000008251793755335e+03 5.000009051680723132e+03 5.000008465418175547e+03 5.000007354991663306e+03 5.000004048667858115e+03 5.000006677918492642e+03 5.000004713246175015e+03 5.000006312951501968e+03 5.000005071992582998e+03 5.000009250952352886e+03 5.000003867123291457e+03 5.000004868574103966e+03 5.000004655159113099e+03 5.000007698368949605e+03 5.000002619060841425e+03 5.000009416407503522e+03
5.000009129549232057e+03 5.000002255938416056e+03 5.000001274441271562e+03 5.000009430363374122e+03 5.000009482464718531e+03 5.000005186285878153e+03 5.000003854225959913e+03 5.000007924816714876e+03 5.000004130726069889e+03 5.000003054080914808e+03 5.000006064453721592e+03 5.000007232817264594e+03 5.000006158421258078e+03 5.000000580421881750e+03 5.000008206859189158e+03 5.000001749695104081e+03 5.000005814519613523e+03 5.000009683575555755e+03 5.000009622467930967e+03 5.000005214326027271e+03 5.000007214478692731e+03 5.000006489917583167e+03 5.000006140414468973e+03 5.000006991923981332e+03 5.000006291367821177e+03 5.000003305219073809e+03 5.000000130555778014e+03 5.000001376205944325e+03 5.000005952413964224e+03 5.000004127961551603e+03 5.000001866500053438e+03 5.000002927853856818e+03 5.000007162873993366e+03 5.000007783823227328e+03 5.000001967706624782e+03 5.000008374719722269e+03 5.000005856080735612e+03
5.000004438760437552e+03 5.000006947701574973e+03 5.000000302379866298e+03 5.000008804579693788e+03 5.000009961642490453e+03 5.000008862095637596e+03 5.000000095232981039e+03 5.000007588884120196e+03 5.000003644421857643e+03 5.000008150074398145e+03 5.000009647309511820e+03 5.000009154683443739e+03 5.000009743711199917e+03 5.000003851849735838e+03 5.000002224032031336e+03 5.000003087336823228e+03 5.000003434618276515e+03 5.000008951186274317e+03 5.000001842375486376e+03 5.000003141091739053e+03 5.000003448288293839e+03 5.000003133387200251e+03 5.000003097300910667e+03 5.000005350721885407e+03 5.000008245140529652e+03 5.000008701224182005e+03 5.000008940973539211e+03 5.000009080944474590e+03 5.000000698471247233e+03 5.000005025266310440e+03 5.000008604021652900e+03 5.000004015193200757e+03 5.000004501073615756e+03 5.000000217370089558e+03 5.000000417808204475e+03 5.000007178070596638e+03 5.000005542809412873e+03
5.000008184115989025e+03 5.000005490031258887e+03 5.000004758017631502e+03 5.000007725032772214e+03 5.000002545774004830e+03 5.000000037230545786e+03 5.000007219400082249e+03 5.000003123532726022e+03 5.000000148671842908e+03 5.000002446870696986e+03 5.000005372859678573e+03 5.000003241807245104e+03 5.000006386367477717e+03 5.000003666825247819e+03 5.000004614815626155e+03 5.000006307795662906e+03 5.000001147586173829e+03 5.000002261439895847e+03 5.000005528299959224e+03 5.000005628230157527e+03 5.000002106135169015e+03 5.000009379194561916e+03 5.000009550650204801e+03 5.000002189688278122e+03 5.000001635068031646e+03 5.000004362881783891e+03 5.000008881431474947e+03 5.000005935691077866e+03 5.000008192800096367e+03 5.000001805964631785e+03 5.000005422150051345e+03 5.000001146459828306e+03 5.000002135719698344e+03 5.000005735612774515e+03 5.000002041152860329e+03 5.000009583678768649e+03 5.000003830944779111e+03
5.000008296640378830e+03 5.000009810618515985e+03 5.000000745343209019e+03 5.000007398810343147e+03 5.000005688565621313e+03 5.000001812413023799e+03 5.000005496919501638e+03 5.000000526396536770e+03 5.000008453869222649e+03 5.000004006685441709e+03 5.000009976608736906e+03 5.000000447462492957e+03 5.000002611263886138e+03 5.000003858828153170e+03 5.000005001401675145e+03 5.000008189910964575e+03 5.000007614466599080e+03 5.000004228997614518e+03 5.000007811459506229e+03 5.000009067140292245e+03 5.000002321891615793e+03 5.000003800198798672e+03 5.000004236847306856e+03 5.000001384441600749e+03 5.000003575134845050e+03 5.000009765186592631e+03 5.000009265384710488e+03 5.000005819007649734e+03 5.000006067007812817e+03 5.000005111196502185e+03 5.000009210196895765e+03 5.000006948811771508e+03 5.000004149236653575e+03 5.000005028236031649e+03 5.000003752499354960e+03 5.000002073933563224e+03 5.000006111601934208e+03
5.000009283293768021e+03 5.000001885937712359e+03 5.000005962988887404e+03 5.000008067230748566e+03 5.000004350551804237e+03 5.000007430116853357e+03 5.000006505943335469e+03 5.000001017987950945e+03 5.000005207513510868e+03 5.000005955969561910e+03 5.000003988413663137e+03 5.000007795967962011e+03 5.000005799906721222e+03 5.000008185081687770e+03 5.000006494835952253e+03 5.000000605724571869e+03 5.000002537817301345e+03 5.000005750803955380e+03 5.000003399845679269e+03 5.000003115845866887e+03 5.000002822050839313e+03 5.000002471545691151e+03 5.000000833210686324e+03 5.000004054318760609e+03 5.000002606628030662e+03 5.000008512629521647e+03 5.000000439065732280e+03 5.000003585550415664e+03 5.000008429532335867e+03 5.000008930081213293e+03 5.000008525501501936e+03 5.000002602895745440e+03 5.000002194380050241e+03 5.000006533345792377e+03 5.000002804222690429e+03 5.000007106211021892e+03 5.000006912943075804e+03
5.000005189688113205e+03 5.000002066592280244e+03 5.000009768189275746e+03 5.000006315827035905e+03 5.000001706487757474e+03 5.000000886167801582e+03 5.000006042647426511e+03 5.000008442676874438e+03 5.000008444497771052e+03 5.000007800384180882e+03 5.000002473328519045e+03 5.000006949371444534e+03 5.000004505353206696e+03 5.000008648904246002e+03 5.000007505493867939e+03 5.000001967923753000e+03 5.000001343099193036e+03 5.000001161716837487e+03 5.000001737038157444e+03 5.000005101855437715e+03 5.000005041370928666e+03 5.000000078356010818e+03 5.000000025246800760e+03 5.000007884638516771e+03 5.000002046636642262e+03 5.000007534359024248e+03 5.000005046109292380e+03 5.000006255436719584e+03 5.000001334453521849e+03 5.000003450025395978e+03 5.000001039874948219e+03 5.000009973181218811e+03 5.000000643745859634e+03 5.000007761834183839e+03 5.000009473732596234e+03 5.000005915992505834e+03 5.000009322249157776e+03
