Fall2022/C:\Users\gsbir\Documents\EES_393\Export\sample_topo2_bedrock__elevation.txt
ncols 100
nrows 100
xllcorner 0.0
yllcorner 0.0
cellsize 10.0
[rows 34 to 50 of 100, columns 0 to 36 of 100]
9.213401027609919094e-03 5.000005236226018496e+03 5.000000061477388954e+03 5.000001818618574362e+03 5.000006588747741262e+03 5.000001362145224448e+03 5.000007737768200968e+03 5.000003104675862232e+03 5.000000452166053947e+03 5.000007288186710866e+03 5.000000073485877692e+03 5.000003272344269135e+03 5.000008839632453601e+03 5.000000095548663921e+03 5.000007609142544425e+03 5.000002905997241214e+03 5.000008980049690763e+03 5.000008404903176597e+03 5.000008418637803516e+03 5.000001281722983549e+03 5.000007498478328671e+03 5.000008789434115897e+03 5.000009799846490750e+03 5.000005244339055935e+03 5.000002407679213320e+03 5.000009368111866934e+03 5.000007220578593660e+03 5.000005195199064474e+03 5.000007055787285935e+03 5.000006195320764164e+03 5.000003480643717921e+03 5.000008429527199041e+03 5.000000873067004250e+03 5.000000212287250179e+03 5.000003504231337502e+03 5.000004676780577938e+03 5.000008843927474118e+03
5.234813853615071476e-03 5.000008744691359425e+03 5.000004874132909208e+03 5.000009861860980891e+03 5.000000869730562044e+03 5.000000370173966985e+03 5.000002920148323028e+03 5.000009189688827973e+03 5.000005215978864726e+03 5.000000224770261411e+03 5.000001374285093334e+03 5.000005842971888342e+03 5.000007379987109744e+03 5.000008740349446271e+03 5.000008677915994667e+03 5.000001066994435860e+03 5.000007613444545314e+03 5.000002198426143877e+03 5.000005813732177558e+03 5.000007844985631891e+03 5.000002264692359859e+03 5.000006331186651551e+03 5.000000477775617583e+03 5.000008033633532250e+03 5.000005183774219404e+03 5.000007750132268484e+03 5.000001697850902929e+03 5.000007632006747372e+03 5.000006782902849409e+03 5.000008428412580542e+03 5.000000971459488028e+03 5.000002944446992842e+03 5.000005182421762584e+03 5.000002479751729879e+03 5.000000641725778223e+03 5.000009158048860627e+03 5.000001323506202425e+03
6.229481079083745015e-03 5.000004156370448072e+03 5.000000434212839536e+03 5.000008143025283061e+03 5.000001946376615706e+03 5.000007685980603128e+03 5.000009224613651895e+03 5.000007343954870521e+03 5.000002222371858807e+03 5.000006034637573975e+03 5.000009645951694438e+03 5.000006320601913103e+03 5.000005749226537773e+03 5.000001998390116569e+03 5.000003408349482925e+03 5.000009247103545931e+03 5.000002542939626437e+03 5.000002672461872862e+03 5.000007170581773607e+03 5.000007190433063442e+03 5.000005803861030472e+03 5.000004180390650617e+03 5.000006404514566384e+03 5.000005088438265375e+03 5.000000224213354159e+03 5.000007074790268234e+03 5.000007457365706614e+03 5.000008012882815819e+03 5.000006712642475577e+03 5.000003213513205083e+03 5.000000041973848965e+03 5.000008450506885310e+03 5.000006197209653692e+03 5.000008886102010365e+03 5.000003371977084498e+03 5.000009432192929125e+03 5.000007826962350009e+03
1.834783226245318907e-03 5.000000323424630551e+03 5.000007150653038480e+03 5.000008636384541205e+03 5.000007714760151430e+03 5.000009336607696241e+03 5.000002852348803572e+03 5.000003146217915855e+03 5.000009979849568481e+03 5.000000336908291501e+03 5.000007184227848484e+03 5.000007262745690241e+03 5.000003161248739161e+03 5.000001823423068345e+03 5.000008651573913994e+03 5.000004870545127233e+03 5.000001497583019955e+03 5.000006092730036471e+03 5.000000970085216977e+03 5.000000638215276012e+03 5.000004613952074578e+03 5.000005381085728004e+03 5.000002564752216131e+03 5.000005463287785460e+03 5.000008344613564987e+03 5.000004609780107785e+03 5.000007425462949868e+03 5.000004448072754712e+03 5.000000667547150442e+03 5.000007882245077781e+03 5.000001544654751342e+03 5.000008847282821989e+03 5.000008954914108472e+03 5.000002032885683548e+03 5.000006236436843210e+03 5.000009689824360066e+03 5.000001682660871666e+03
8.794976998887321304e-03 5.000008548714011340e+03 5.000005225274384429e+03 5.000007247103771078e+03 5.000009044394444572e+03 5.000003880308299813e+03 5.000006263164726988e+03 5.000006714332177580e+03 5.000007269941514096e+03 5.000000668393636261e+03 5.000001094526582165e+03 5.000006276091025939e+03 5.000000397380315007e+03 5.000005064520299129e+03 5.000007223576479191e+03 5.000008062746812357e+03 5.000007490347870771e+03 5.000003641193896328e+03 5.000005798604393931e+03 5.000007491925984141e+03 5.000000220933359742e+03 5.000007224428358313e+03 5.000002564420018643e+03 5.000007807972877345e+03 5.000009741082586515e+03 5.000009794375659112e+03 5.000000814273580545e+03 5.000002701152918235e+03 5.000009892773385218e+03 5.000009559992824506e+03 5.000006732295689289e+03 5.000001116278152949e+03 5.000001012760129015e+03 5.000001500133787886e+03 5.000008732713742575e+03 5.000001653354451264e+03 5.000006198093868079e+03
9.749028601234344289e-04 5.000002790480758449e+03 5.000006759173240425e+03 5.000000529941406057e+03 5.000003492622032354e+03 5.000000349270019797e+03 5.000008599795854934e+03 5.000000803775030363e+03 5.000002052841748082e+03 5.000007091780805240e+03 5.000000952985310505e+03 5.000008543792556338e+03 5.000006078604274080e+03 5.000000920969414437e+03 5.000002085433504362e+03 5.000009212940723046e+03 5.000002018840108576e+03 5.000004155421987889e+03 5.000003576057214559e+03 5.000006032228569893e+03 5.000006015471969476e+03 5.000003142926876535e+03 5.000008604078615463e+03 5.000006479314367425e+03 5.000000219624047531e+03 5.000001339109609034e+03 5.000003779431042858e+03 5.000008576670882576e+03 5.000003952772731282e+03 5.000000610121442151e+03 5.000000120693839563e+03 5.000002894624229157e+03 5.000009556186042573e+03 5.000006532284528475e+03 5.000000592816853896e+03 5.000006315697552054e+03 5.000005069944836578e+03
3.878634033380564533e-03 5.000006042041390174e+03 5.000008199361907828e+03 5.000009817311859479e+03 5.000002496496113963e+03 5.000008798856260000e+03 5.000000021460925382e+03 5.000004428513891980e+03 5.000009563953300130e+03 5.000001387538795825e+03 5.000006729388985150e+03 5.000009716775370180e+03 5.000003471047053608e+03 5.000008389038350288e+03 5.000007883534293796e+03 5.000004850225993323e+03 5.000008036959547098e+03 5.000008724276619432e+03 5.000003912081463568e+03 5.000000675944218528e+03 5.000007334072106460e+03 5.000009666566547821e+03 5.000009492216773651e+03 5.000008200671618397e+03 5.000003320457048176e+03 5.000000757843670726e+03 5.000005637998983730e+03 5.000004525295063104e+03 5.000003731634640644e+03 5.000001847697169069e+03 5.000001951467434992e+03 5.000008923972230150e+03 5.000004427815832059e+03 5.000009868234097667e+03 5.000008969133352366e+03 5.000005225091229477e+03 5.000005521434528418e+03
4.333685785204446049e-03 5.000009507580636637e+03 5.000009659360433034e+03 5.000005663456300681e+03 5.000000353310770151e+03 5.000008120287057864e+03 5.000000866355206199e+03 5.000008317784052451e+03 5.000008291723035654e+03 5.000004599599935318e+03 5.000004417670708790e+03 5.000007872927036260e+03 5.000007697163373450e+03 5.000003198757188329e+03 5.000003176498269568e+03 5.000008061632676799e+03 5.000002384785881077e+03 5.000007760463149680e+03 5.000008446309335341e+03 5.000003366910317709e+03 5.000000814468487988e+03 5.000004455196558411e+03 5.000006757767916497e+03 5.000007320716113099e+03 5.000008420333466347e+03 5.000004550346473479e+03 5.000002718412408285e+03 5.000008761955949922e+03 5.000004045028017572e+03 5.000001815712548705e+03 5.000000126244833154e+03 5.000000438438302808e+03 5.000008968279327746e+03 5.000004132277414101e+03 5.000008045372187553e+03 5.000005191340476813e+03 5.000005419844061180e+03
7.488791594575413928e-03 5.000004966394351868e+03 5.000003840851593850e+03 5.000009010908089294e+03 5.000004482348196689e+03 5.000007991303939889e+03 5.000008748766746066e+03 5.000000271574941507e+03 5.000001112767822633e+03 5.000005595739726232e+03 5.000006070824310882e+03 5.000005479870190356e+03 5.000006990821002546e+03 5.000002051413700428e+03 5.000006422882538573e+03 5.000003899738909240e+03 5.000004714900167528e+03 5.000009488535051787e+03 5.000003394870032935e+03 5.000003894489344020e+03 5.000001473851830269e+03 5.000006478408772637e+03 5.000005847125397850e+03 5.000006453072728618e+03 5.000007235532522827e+03 5.000005371251691031e+03 5.000007190821834229e+03 5.000009729240015986e+03 5.000004203962122119e+03 5.000007234169051117e+03 5.000005658279140334e+03 5.000002318829504475e+03 5.000000228686611081e+03 5.000007155789501667e+03 5.000008573969720601e+03 5.000007165462520788e+03 5.000007437234754434e+03
5.455303688726272950e-03 5.000003031068727978e+03 5.000000447787534540e+03 5.000005675742342646e+03 5.000001845182556281e+03 5.000009551646736327e+03 5.000008214211486120e+03 5.000000562753603845e+03 5.000000204383594792e+03 5.000009025864403156e+03 5.000004963259347278e+03 5.000008465506040011e+03 5.000006634225550442e+03 5.000002754650554380e+03 5.000004262213088623e+03 5.000003419274520638e+03 5.000000217662278374e+03 5.000005426196274129e+03 5.000002974659627398e+03 5.000009776560981663e+03 5.000004653517273255e+03 5.000006241669592782e+03 5.000007136245782021e+03 5.000000456734102954e+03 5.000003997015965069e+03 5.000009987171117245e+03 5.000008644887228002e+03 5.000006969209598537e+03 5.000007984590607521e+03 5.000004744235689941e+03 5.000002986097753819e+03 5.000003054928673009e+03 5.000007570170952022e+03 5.000002404591918094e+03 5.000000671391639116e+03 5.000006154470080219e+03 5.000002616400422994e+03
6.825597533913129941e-03 5.000001230092944752e+03 5.000002162421859794e+03 5.000002988882246427e+03 5.000005779787992651e+03 5.000008246669513028e+03 5.000009022585437378e+03 5.000008304675438922e+03 5.000004475951889617e+03 5.000003769949819798e+03 5.000005147071843567e+03 5.000003529341947797e+03 5.000006882483546178e+03 5.000004092203035725e+03 5.000008296662072098e+03 5.000004900298036773e+03 5.000004954298394296e+03 5.000008808950159619e+03 5.000009185137050736e+03 5.000004005689841506e+03 5.000002219080663053e+03 5.000000580140618695e+03 5.000003927651789127e+03 5.000004174690826403e+03 5.000002197613139288e+03 5.000007091912251781e+03 5.000000391841829696e+03 5.000005867495703569e+03 5.000005654993834469e+03 5.000005391727187089e+03 5.000000502270204379e+03 5.000006558042121469e+03 5.000001535453195174e+03 5.000007440298131769e+03 5.000002308138315129e+03 5.000007659304375920e+03 5.000000159253525453e+03
7.681000663350590497e-04 5.000007481119231670e+03 5.000000629001429843e+03 5.000007546229746367e+03 5.000005411599552644e+03 5.000006875396547912e+03 5.000003376333670531e+03 5.000000929140402150e+03 5.000008882773153346e+03 5.000008949084453889e+03 5.000004112378803256e+03 5.000002226014996268e+03 5.000003032046091903e+03 5.000007025872744634e+03 5.000005998297457154e+03 5.000007571533837108e+03 5.000007551951352070e+03 5.000001521197663351e+03 5.000003859903826196e+03 5.000007677626768782e+03 5.000000010517807823e+03 5.000001100480162677e+03 5.000007115921167497e+03 5.000000824127608212e+03 5.000006299415013928e+03 5.000005376918916227e+03 5.000006604768310353e+03 5.000001026899151839e+03 5.000008901312039598e+03 5.000004355035491244e+03 5.000000854765152326e+03 5.000006859376748253e+03 5.000000788526534052e+03 5.000001106190106839e+03 5.000000819810818939e+03 5.000006146928363705e+03 5.000000751324225348e+03
4.967295210247968818e-04 5.000000602745050855e+03 5.000002646366456247e+03 5.000009601140559425e+03 5.000001739073793942e+03 5.000000372607642930e+03 5.000005861330168045e+03 5.000004833061595491e+03 5.000003047189497011e+03 5.000006437858255595e+03 5.000002118582257026e+03 5.000000221545999011e+03 5.000001156133751465e+03 5.000004548791141133e+03 5.000009251640351977e+03 5.000003373560958607e+03 5.000003482112988422e+03 5.000009157194092950e+03 5.000006986601469180e+03 5.000002454259594742e+03 5.000007064897464261e+03 5.000004501191755480e+03 5.000003085782433118e+03 5.000001985197444810e+03 5.000007220791396321e+03 5.000007053766580611e+03 5.000003738050663742e+03 5.000005505956052730e+03 5.000000091923835498e+03 5.000006923876599103e+03 5.000000637641046524e+03 5.000000831433755593e+03 5.000003398411324270e+03 5.000003284922990133e+03 5.000002291538469763e+03 5.000005837437260197e+03 5.000005650040173350e+03
3.376673725333137911e-03 5.000006047926752217e+03 5.000005239275856184e+03 5.000002811913800542e+03 5.000009516738659840e+03 5.000003314729492558e+03 5.000005160156478269e+03 5.000009216574129823e+03 5.000007685101349125e+03 5.000001303405716499e+03 5.000004880598193267e+03 5.000001252805482181e+03 5.000004552586509817e+03 5.000002619548458824e+03 5.000004135237375522e+03 5.000007072539094224e+03 5.000002240172249913e+03 5.000002793688754537e+03 5.000004212626936351e+03 5.000003675135490994e+03 5.000008049113001107e+03 5.000005953195942311e+03 5.000002332895990548e+03 5.000004824674958400e+03 5.000001802011694963e+03 5.000003957931716286e+03 5.000000461294746856e+03 5.000005608019266219e+03 5.000006354594566801e+03 5.000000295952826491e+03 5.000001854470850958e+03 5.000005029676183767e+03 5.000004743677141960e+03 5.000008249031830019e+03 5.000004367387976345e+03 5.000006316820039501e+03 5.000003026591927664e+03
4.287772958673949711e-03 5.000007694211864873e+03 5.000006570178543370e+03 5.000007460484133844e+03 5.000000965525353422e+03 5.000002709392413635e+03 5.000009996211140788e+03 5.000000816051504444e+03 5.000003763975750189e+03 5.000000195325388631e+03 5.000003398489880055e+03 5.000001288758236115e+03 5.000003782449353821e+03 5.000007371054885880e+03 5.000000571046962250e+03 5.000007223338888252e+03 5.000009371393673064e+03 5.000000142814524224e+03 5.000006913162447745e+03 5.000002224442035185e+03 5.000008185364740712e+03 5.000000325761036947e+03 5.000006162671808852e+03 5.000000179852658221e+03 5.000005445471978419e+03 5.000000688811271175e+03 5.000001908365520649e+03 5.000008301538383421e+03 5.000008206021479054e+03 5.000007413015079692e+03 5.000007264046514138e+03 5.000009694389102151e+03 5.000007813464168066e+03 5.000005325114416337e+03 5.000002401861120234e+03 5.000000884061473698e+03 5.000002191493627834e+03
1.289815604239990003e-03 5.000009182807943944e+03 5.000006152894296974e+03 5.000005160022643395e+03 5.000002821992072313e+03 5.000007767396140480e+03 5.000009315486779087e+03 5.000007643214075870e+03 5.000009029440981067e+03 5.000003305231066406e+03 5.000004398725302053e+03 5.000009852389346634e+03 5.000007469827696696e+03 5.000000733815855710e+03 5.000006399285155567e+03 5.000007292799861716e+03 5.000009247341001355e+03 5.000007379943381238e+03 5.000001076649727111e+03 5.000001250428078492e+03 5.000000306697504129e+03 5.000001749180370098e+03 5.000004800625498319e+03 5.000000099519211290e+03 5.000007123986522856e+03 5.000009034414553753e+03 5.000008638394599075e+03 5.000009027753611008e+03 5.000003458742372459e+03 5.000007793147902703e+03 5.000006690373687888e+03 5.000000333001575200e+03 5.000005025761790421e+03 5.000009188678128339e+03 5.000000144907282447e+03 5.000005763416338596e+03 5.000002899371180320e+03
6.548447405171775463e-04 5.000003699752952343e+03 5.000007776918781019e+03 5.000009726973949910e+03 5.000008998144516227e+03 5.000001503980205598e+03 5.000005187916209252e+03 5.000000420257634687e+03 5.000006558450360899e+03 5.000001270180318897e+03 5.000005195418946641e+03 5.000002543618467826e+03 5.000005333386058737e+03 5.000004367032737719e+03 5.000009912259820339e+03 5.000004951407343469e+03 5.000009919552196152e+03 5.000008877547662451e+03 5.000006194270416927e+03 5.000003130758785119e+03 5.000005070423479992e+03 5.000009297918282755e+03 5.000004781223842656e+03 5.000009167505733785e+03 5.000004304369584133e+03 5.000004202645975965e+03 5.000000779828757004e+03 5.000006345612529003e+03 5.000009270978982386e+03 5.000000020604940801e+03 5.000006217744592504e+03 5.000008836665901981e+03 5.000007425754798533e+03 5.000004181461514236e+03 5.000007191521384811e+03 5.000007193808009106e+03 5.000008119020432787e+03
