Fall2022/C:\Users\gsbir\Documents\EES_393\Export\sample_topo2_bedrock__elevation.txt
ncols 100
nrows 100
xllcorner 0.0
yllcorner 0.0
cellsize 10.0
[rows 51 to 67 of 100, columns 37 to 73 of 100]
5.017052399819771722e+02 5.017292878656251673e+02 5.017446605975339935e+02 5.017683439476002150e+02 5.017891038153157410e+02 5.018092125744959731e+02 5.018271059373474259e+02 5.018404244800328229e+02 5.018657640096765817e+02 5.018850496541659822e+02 5.019008224871481048e+02 5.019227296428937279e+02 5.019452782709316807e+02 5.019652651436158521e+02 5.019856376329636873e+02 5.020036127580216316e+02 5.020248804476825057e+02 5.020461046423947664e+02 5.020655639184709003e+02 5.020886631543651788e+02 5.021013951889041209e+02 5.021216273080491987e+02 5.021456758175228288e+02 5.021620374118726318e+02 5.021837043574679456e+02 5.022033042399239093e+02 5.022206423959887616e+02 5.022466948083937837e+02 5.022600649964412582e+02 5.022889389784934906e+02 5.023009018779630992e+02 5.023257315537682075e+02 5.023491559204689452e+02 5.023627079618254925e+02 5.023877527764997240e+02 5.024096556905335547e+02 5.024264375397367530e+02
5.016856237911775906e+02 5.017024396411467251e+02 5.017240819288438161e+02 5.017401096807347471e+02 5.017627729373438115e+02 5.017849248128969748e+02 5.018081336962908381e+02 5.018282862379855942e+02 5.018450521794922565e+02 5.018642099551142906e+02 5.018846433746394951e+02 5.019053197912461997e+02 5.019206071552880530e+02 5.019456726845203889e+02 5.019662765982237147e+02 5.019839360985941994e+02 5.020076689199030398e+02 5.020258298275041966e+02 5.020427130732063574e+02 5.020622452939663276e+02 5.020889337075522576e+02 5.021017631865582302e+02 5.021289389008141484e+02 5.021498247409032842e+02 5.021667527594557328e+02 5.021807549129522954e+02 5.022050223585447952e+02 5.022252106864678467e+02 5.022458865194827808e+02 5.022657461611262306e+02 5.022863750931547315e+02 5.023055737492421713e+02 5.023208524113570661e+02 5.023437359926380168e+02 5.023685318966174691e+02 5.023829842898574611e+02 5.024082101333270316e+02
5.016689482628141832e+02 5.016842247405558055e+02 5.017032949023212609e+02 5.017216898542047829e+02 5.017422366156130806e+02 5.017601469863553802e+02 5.017804133765905590e+02 5.018063893702900486e+02 5.018263885703277651e+02 5.018460514011641180e+02 5.018656008590750162e+02 5.018834171260624544e+02 5.019069804177572678e+02 5.019285919082974488e+02 5.019447655696279753e+02 5.019629308156308980e+02 5.019880459591665272e+02 5.020016667115249902e+02 5.020299044895912743e+02 5.020425659977895521e+02 5.020678708316095253e+02 5.020835154350096445e+02 5.021070123199395994e+02 5.021201493544716641e+02 5.021425248899095095e+02 5.021639610515244385e+02 5.021866227581003841e+02 5.022079742402600573e+02 5.022226767587626455e+02 5.022451229295592725e+02 5.022654213225987405e+02 5.022878739305723457e+02 5.023045538990280079e+02 5.023239532106387628e+02 5.023474059805275260e+02 5.023602309247269773e+02 5.023817550984317108e+02
5.016403583952447889e+02 5.016667860339051117e+02 5.016877549151740823e+02 5.017072881572066763e+02 5.017285668928577707e+02 5.017463440672987076e+02 5.017625731526958361e+02 5.017809291355517303e+02 5.018016445475068963e+02 5.018213899617319385e+02 5.018429730185009703e+02 5.018608849457223755e+02 5.018857203660877531e+02 5.019041997667667374e+02 5.019286981181669489e+02 5.019477891074952822e+02 5.019692234203038765e+02 5.019872824738467898e+02 5.020015040503321870e+02 5.020221454138314243e+02 5.020413139580175539e+02 5.020614747175101229e+02 5.020894814152046592e+02 5.021035592310316247e+02 5.021226195374476902e+02 5.021438629029900085e+02 5.021611904082257638e+02 5.021818998784399355e+02 5.022076290880463603e+02 5.022212418268215401e+02 5.022428596109207319e+02 5.022601494838155531e+02 5.022828146169410388e+02 5.023025055710406832e+02 5.023250017144024469e+02 5.023452410387724854e+02 5.023683212531118443e+02
5.016288114601832717e+02 5.016481717494584700e+02 5.016641802848283760e+02 5.016811383695395534e+02 5.017002498385865010e+02 5.017280972722138017e+02 5.017445213379086226e+02 5.017602702772272210e+02 5.017896193074965367e+02 5.018095990577271550e+02 5.018262333993184257e+02 5.018494151683240716e+02 5.018667861738025522e+02 5.018800801972870431e+02 5.019030178078480162e+02 5.019291240171365871e+02 5.019466351579665115e+02 5.019687744549440254e+02 5.019828486303674140e+02 5.020066959678622993e+02 5.020263987242930739e+02 5.020420097339249992e+02 5.020655067482765617e+02 5.020810368776072892e+02 5.021050892695689072e+02 5.021292687842096711e+02 5.021433558690017662e+02 5.021648167176768993e+02 5.021856125885623783e+02 5.022028029402308675e+02 5.022279423731297356e+02 5.022497727153670439e+02 5.022668440037932669e+02 5.022817796185405541e+02 5.023065788717129863e+02 5.023200401293855748e+02 5.023436422861753954e+02
5.016006296914158611e+02 5.016204891290507817e+02 5.016456466395233065e+02 5.016606601384980308e+02 5.016897127541355985e+02 5.017088562996245287e+02 5.017278721044332315e+02 5.017431215690493786e+02 5.017665556416702657e+02 5.017881439971818054e+02 5.018007465861194305e+02 5.018297099988793093e+02 5.018456558780882233e+02 5.018650922182746967e+02 5.018856685094257273e+02 5.019009334049000017e+02 5.019251241320249051e+02 5.019490334717743281e+02 5.019614756084600913e+02 5.019855784871994047e+02 5.020061024284186146e+02 5.020200502389319581e+02 5.020464473130018064e+02 5.020600903415042922e+02 5.020874467188579615e+02 5.021090552685444095e+02 5.021226306161962043e+02 5.021444988763088304e+02 5.021630861761746019e+02 5.021897766738858309e+02 5.022005806256980804e+02 5.022272340154367498e+02 5.022461350393797375e+02 5.022648132455040013e+02 5.022827647107760640e+02 5.023057302109677948e+02 5.023209195467087511e+02
5.015897229946710922e+02 5.016006098891447209e+02 5.016252081764064314e+02 5.016473493102110410e+02 5.016677128817663629e+02 5.016888471541507215e+02 5.017002590614351334e+02 5.017234688853569082e+02 5.017427947037629679e+02 5.017691946703465646e+02 5.017863417931642402e+02 5.018059922184175434e+02 5.018287142400512266e+02 5.018420141437051711e+02 5.018642606880747508e+02 5.018818615420289007e+02 5.019081055687693151e+02 5.019240925993760243e+02 5.019468980814863244e+02 5.019651677197185791e+02 5.019859447846937996e+02 5.020080286231841455e+02 5.020272675100752053e+02 5.020462132457045641e+02 5.020633081091722829e+02 5.020831420281188002e+02 5.021029107692317552e+02 5.021229339533064149e+02 5.021482184296530704e+02 5.021666615842056558e+02 5.021896044762877978e+02 5.022032033605038350e+02 5.022211033252452808e+02 5.022487915655395909e+02 5.022695168957801570e+02 5.022890872026251259e+02 5.023017570043799083e+02
5.015605264987796659e+02 5.015866777025844954e+02 5.016095322579475919e+02 5.016201955429063446e+02 5.016447809945088352e+02 5.016688838218668707e+02 5.016847030888934000e+02 5.017014080068416888e+02 5.017289220466536790e+02 5.017488929990446422e+02 5.017635891735891960e+02 5.017838189601385466e+02 5.018093966498674945e+02 5.018292757386610674e+02 5.018486336779217254e+02 5.018667399767666097e+02 5.018853858796416034e+02 5.019097828805438439e+02 5.019286207727507190e+02 5.019415878972828864e+02 5.019694848740347197e+02 5.019835218307362084e+02 5.020060980140577271e+02 5.020215969954617208e+02 5.020473827157547930e+02 5.020635657766334816e+02 5.020834741624034336e+02 5.021045066163668480e+02 5.021253776893531722e+02 5.021460188532715847e+02 5.021662880609313220e+02 5.021801001681287175e+02 5.022053778208177164e+02 5.022241310369878988e+02 5.022449848590975421e+02 5.022634994781040518e+02 5.022839418598238126e+02
5.015450909384633178e+02 5.015636719078146939e+02 5.015884336370070287e+02 5.016031316186669073e+02 5.016228527529295320e+02 5.016421517471422362e+02 5.016670881397570838e+02 5.016884452063153503e+02 5.017076105617045982e+02 5.017229552254038936e+02 5.017460551570800931e+02 5.017675319803811931e+02 5.017835874072366096e+02 5.018001070910078738e+02 5.018240141579777855e+02 5.018467093347563264e+02 5.018665909534062166e+02 5.018818320035078386e+02 5.019074910455407803e+02 5.019261701671793503e+02 5.019471584110500544e+02 5.019627555799100378e+02 5.019843508515838266e+02 5.020090996782145112e+02 5.020257027906880580e+02 5.020484257461270658e+02 5.020647171193023723e+02 5.020800690016358203e+02 5.021019465694596420e+02 5.021259607538564751e+02 5.021408952502961824e+02 5.021678327183326473e+02 5.021870899733639817e+02 5.022068269349796878e+02 5.022297613277210644e+02 5.022477019891058490e+02 5.022660868777370524e+02
5.015235389907832655e+02 5.015460201786542029e+02 5.015601199022792684e+02 5.015807578099875741e+02 5.016020909987810796e+02 5.016288398782603508e+02 5.016470602942641790e+02 5.016601508701588727e+02 5.016804280097134097e+02 5.017027738094350298e+02 5.017270240685857630e+02 5.017493984068748318e+02 5.017621200293312995e+02 5.017849982130701960e+02 5.018053569262131077e+02 5.018241084183200655e+02 5.018473392141601153e+02 5.018680250799257010e+02 5.018868936282763116e+02 5.019085880443428778e+02 5.019234322976928411e+02 5.019414733855145414e+02 5.019631522075492285e+02 5.019860881640014441e+02 5.020016082891688143e+02 5.020229330838866986e+02 5.020451191015982317e+02 5.020687830712818140e+02 5.020889254832287065e+02 5.021008878757223215e+02 5.021209783644789013e+02 5.021471374577064921e+02 5.021675026134283257e+02 5.021858050468662213e+02 5.022079709890525692e+02 5.022221721638973690e+02 5.022426701389067034e+02
5.015011350532877827e+02 5.015226556651370515e+02 5.015478175771644942e+02 5.015686275094356574e+02 5.015854223502310560e+02 5.016088598631246214e+02 5.016291674503854665e+02 5.016494581961908352e+02 5.016605342791870044e+02 5.016872763043697319e+02 5.017092335449207781e+02 5.017205488929105286e+02 5.017431733480520393e+02 5.017695659313147871e+02 5.017861915163280742e+02 5.018024979003741919e+02 5.018290015221886051e+02 5.018493638766177583e+02 5.018680038185818262e+02 5.018893176148766884e+02 5.019040411832763766e+02 5.019231625364377010e+02 5.019419341620769046e+02 5.019649646086697317e+02 5.019807436614711378e+02 5.020064544961687147e+02 5.020233120637639104e+02 5.020433811138289002e+02 5.020669515655923192e+02 5.020898505313209057e+02 5.021049597513622302e+02 5.021295504450841918e+02 5.021468860961435325e+02 5.021630201206262427e+02 5.021864031267825226e+02 5.022038926106660597e+02 5.022297951133697325e+02
5.014836728787589095e+02 5.015045258721175401e+02 5.015206712506177951e+02 5.015425775578437424e+02 5.015636728740366834e+02 5.015842761684771176e+02 5.016088090184820771e+02 5.016207262886629223e+02 5.016423314089522023e+02 5.016615352282505000e+02 5.016814628005892018e+02 5.017079233119505943e+02 5.017299182642274786e+02 5.017457396390771578e+02 5.017622431721507610e+02 5.017860416952590299e+02 5.018046491649492395e+02 5.018282065820718572e+02 5.018409438002569800e+02 5.018655470456092758e+02 5.018858332372011546e+02 5.019067466993827225e+02 5.019238945278484039e+02 5.019455618996738053e+02 5.019629971654620704e+02 5.019844965714605109e+02 5.020050676494978461e+02 5.020211820162237473e+02 5.020407258459932791e+02 5.020692769324908227e+02 5.020845191511862140e+02 5.021075062169799139e+02 5.021298576071127968e+02 5.021434708570120620e+02 5.021645121370799529e+02 5.021830994337311722e+02 5.022055568779274495e+02
5.014631807025729699e+02 5.014887169925071930e+02 5.015021600557427632e+02 5.015247854466099398e+02 5.015472489537251590e+02 5.015638425153948674e+02 5.015823804858844710e+02 5.016023300945508936e+02 5.016248271562021159e+02 5.016440033825708724e+02 5.016610647070459095e+02 5.016852666853368987e+02 5.017009214766205218e+02 5.017263926265277405e+02 5.017450157244747970e+02 5.017657743373702601e+02 5.017831906133130815e+02 5.018066863373542787e+02 5.018218222677897415e+02 5.018435913076609154e+02 5.018668384102086293e+02 5.018841930368495241e+02 5.019067733219584966e+02 5.019256059400284471e+02 5.019472799031502745e+02 5.019642132378571091e+02 5.019804018682780224e+02 5.020085792861542018e+02 5.020264634866824167e+02 5.020438937726061113e+02 5.020662086380801838e+02 5.020815702174915032e+02 5.021065638719911703e+02 5.021218067094549156e+02 5.021476951121869092e+02 5.021658343229256616e+02 5.021899522745994773e+02
5.014403519660478423e+02 5.014636807899132691e+02 5.014871805177965030e+02 5.015012185936628271e+02 5.015265998571417185e+02 5.015488749095448497e+02 5.015670753851344443e+02 5.015849568163548042e+02 5.016097167452135750e+02 5.016245384800586180e+02 5.016409899063816056e+02 5.016614350352402880e+02 5.016807697390056546e+02 5.017051555909833382e+02 5.017212469961523880e+02 5.017443947280908674e+02 5.017608384885680834e+02 5.017836279226418696e+02 5.018020919529932371e+02 5.018299915102146542e+02 5.018414934801540994e+02 5.018640641210297986e+02 5.018890451941126685e+02 5.019012512543623643e+02 5.019205789474471544e+02 5.019414694362699265e+02 5.019650464447437912e+02 5.019819568481577221e+02 5.020076563073415059e+02 5.020246602675995291e+02 5.020465934192228019e+02 5.020659838421786390e+02 5.020832782670976826e+02 5.021032131485403056e+02 5.021258213926635108e+02 5.021433327967267246e+02 5.021661507159868165e+02
5.014229064943522758e+02 5.014419912171110241e+02 5.014640483935856423e+02 5.014874834097154803e+02 5.015068100263296742e+02 5.015212247687599074e+02 5.015424258169809377e+02 5.015657405685840899e+02 5.015853951979818817e+02 5.016050214878222846e+02 5.016280640114821949e+02 5.016422913913745560e+02 5.016642399805417085e+02 5.016817233310169399e+02 5.017082168705263712e+02 5.017258102460730242e+02 5.017472609752793460e+02 5.017672448452357798e+02 5.017814819976173908e+02 5.018014117661104478e+02 5.018226835150085208e+02 5.018453623303651057e+02 5.018674092413428411e+02 5.018871312464473249e+02 5.019030064498494426e+02 5.019279018264001024e+02 5.019498338288283321e+02 5.019687385458977928e+02 5.019834070961391603e+02 5.020082854271308292e+02 5.020251901074919942e+02 5.020462656006237125e+02 5.020679107753321659e+02 5.020873803825888331e+02 5.021043629649316244e+02 5.021273313031678640e+02 5.021468070100497130e+02
5.014027827424606585e+02 5.014222397411897987e+02 5.014440693406145328e+02 5.014655392276428643e+02 5.014826726226277742e+02 5.015050263601993379e+02 5.015244421761082094e+02 5.015482150405337620e+02 5.015683776810557220e+02 5.015897235293037966e+02 5.016040151381033070e+02 5.016256469827403066e+02 5.016429313372341880e+02 5.016613733399172474e+02 5.016830104645267738e+02 5.017032987705792948e+02 5.017226521675096933e+02 5.017423636004493233e+02 5.017670931849257272e+02 5.017842227115596074e+02 5.018055214376391291e+02 5.018228622393641558e+02 5.018480149578322767e+02 5.018659108612559407e+02 5.018862045328883710e+02 5.019040900598507164e+02 5.019230501275692973e+02 5.019439714619391566e+02 5.019677353495060288e+02 5.019875746349433712e+02 5.020047655967944706e+02 5.020216064823989655e+02 5.020411305826388570e+02 5.020688029779224735e+02 5.020815698201313353e+02 5.021007869320367263e+02 5.021253898040726540e+02
5.013824818076204224e+02 5.014031449145809916e+02 5.014228079635980180e+02 5.014446344809382481e+02 5.014627859480839902e+02 5.014800774849982190e+02 5.015063964632619786e+02 5.015246817543514908e+02 5.015473864496607348e+02 5.015644841388102577e+02 5.015803202415023065e+02 5.016041465666794466e+02 5.016203702411244763e+02 5.016456574516570868e+02 5.016666184135307276e+02 5.016833036056030437e+02 5.017025015143678957e+02 5.017223823229621757e+02 5.017426770389921558e+02 5.017675242112074443e+02 5.017866159716766106e+02 5.018062658828512212e+02 5.018202228091648180e+02 5.018495522183313255e+02 5.018635015613598966e+02 5.018870391162948295e+02 5.019063676185837721e+02 5.019243766825604780e+02 5.019447728540913545e+02 5.019603386650395009e+02 5.019824077642226143e+02 5.020075354910244414e+02 5.020213963739048495e+02 5.020464246975985247e+02 5.020669370777406471e+02 5.020864121040960413e+02 5.021038644957720862e+02
