Fall2022/C:\Users\gsbir\Documents\EES_393\Export\sample_topo2_topographic__elevation.txt
ncols 100
nrows 100
xllcorner 0.0
yllcorner 0.0
cellsize 10.0
[rows 51 to 67 of 100, columns 37 to 73 of 100]
5.002004985405492334e+03 5.002008665299717904e+03 5.002004607991243574e+03 5.002007595377839607e+03 5.002008487928535942e+03 5.002008793540493571e+03 5.002006810989971200e+03 5.002000424479987487e+03 5.002005278597845063e+03 5.002004665366210247e+03 5.002000822487102596e+03 5.002001451666069443e+03 5.002004853624009229e+03 5.002004874993745943e+03 5.002005329924114449e+03 5.002003257541108724e+03 5.002004732910680104e+03 5.002005865099095899e+03 5.002005292138604091e+03 5.002008002430186934e+03 5.002001395188858623e+03 5.002001627308003663e+03 5.002005343497823560e+03 5.002002020301286393e+03 5.002003563242607015e+03 5.002002152094456505e+03 5.002000642395943032e+03 5.002006144589037831e+03 5.002000064996394940e+03 5.002008132252806718e+03 5.002000901877917386e+03 5.002005409330851762e+03 5.002008401055958529e+03 5.002002707961779379e+03 5.002007294156938769e+03 5.002009037006927429e+03 5.002006164328969135e+03
5.002005334322947419e+03 5.002002439641100864e+03 5.002004081928798769e+03 5.002000109680689093e+03 5.002002329061196178e+03 5.002004603200926795e+03 5.002007428273700498e+03 5.002007571532672046e+03 5.002004947617991093e+03 5.002003902003434632e+03 5.002004296021185837e+03 5.002005062996252491e+03 5.002000607155242506e+03 5.002005212181817114e+03 5.002006043830620001e+03 5.002003716155035363e+03 5.002007309577601518e+03 5.002005533874088542e+03 5.002002574340395768e+03 5.002002007966255405e+03 5.002008278393432192e+03 5.002001725252695906e+03 5.002008283114580081e+03 5.002008945160273470e+03 5.002006368407633090e+03 5.002000754912906814e+03 5.002004634408899619e+03 5.002005024698349189e+03 5.002005569056741479e+03 5.002005524809787858e+03 5.002006242437870242e+03 5.002004786859549313e+03 5.002000852411310916e+03 5.002003735992591828e+03 5.002008015376094590e+03 5.002002850171315913e+03 5.002007672898063902e+03
5.002008162200224433e+03 5.002001809578868233e+03 5.002003294902275229e+03 5.002001689854158940e+03 5.002001859164224697e+03 5.002000146986310028e+03 5.002000374048261619e+03 5.002005842522791681e+03 5.002005912713599173e+03 5.002005627633897348e+03 5.002005263478398774e+03 5.002002495046776858e+03 5.002006572656717253e+03 5.002008194373641345e+03 5.002004219027538056e+03 5.002002930815585387e+03 5.002007466027516784e+03 5.002001666711479629e+03 5.002009220910566910e+03 5.002002385120785220e+03 5.002007433014987328e+03 5.002003054849218643e+03 5.002006388413942659e+03 5.002000149354425957e+03 5.002002524889863707e+03 5.002003830491331428e+03 5.002006128908065875e+03 5.002007466984720850e+03 5.002002394429790911e+03 5.002004770101991198e+03 5.002004915885475384e+03 5.002007171708093665e+03 5.002004350856459496e+03 5.002003515869502735e+03 5.002006753702681635e+03 5.002000230924681091e+03 5.002001755098385729e+03
5.002000301574783407e+03 5.002006196537579854e+03 5.002007368627227152e+03 5.002006729085554980e+03 5.002007810796969352e+03 5.002005780696257716e+03 5.002001092180633350e+03 5.002000929135506340e+03 5.002001154146773843e+03 5.002001389961686073e+03 5.002001889672097604e+03 5.002000884945677171e+03 5.002005280782372211e+03 5.002004199766721285e+03 5.002008290928068163e+03 5.002007347444552579e+03 5.002008724368542062e+03 5.002006757162572285e+03 5.002001504050286712e+03 5.002002042396956313e+03 5.002001313957971433e+03 5.002001474717464589e+03 5.002008893587521925e+03 5.002003015311149284e+03 5.002001839680649937e+03 5.002003619948874984e+03 5.002001190408180264e+03 5.002001899878394397e+03 5.002007048427889458e+03 5.002001241826776095e+03 5.002001341905627669e+03 5.002000149483769746e+03 5.002002320431227417e+03 5.002002302903560121e+03 5.002004756367920891e+03 5.002004785573813933e+03 5.002007724329913799e+03
5.002008063618382948e+03 5.002007473329375898e+03 5.002003505748220050e+03 5.002001138369493674e+03 5.002000249838541095e+03 5.002007383869111436e+03 5.002004209596297187e+03 5.002000270277181698e+03 5.002008769395608397e+03 5.002008852776227286e+03 5.002005838514984134e+03 5.002008639693496661e+03 5.002006176539528497e+03 5.002000080197241914e+03 5.002003017807802280e+03 5.002008568907155677e+03 5.002006485314471320e+03 5.002008198637103305e+03 5.002002440459157697e+03 5.002006272915920817e+03 5.002005936472767644e+03 5.002001911962840495e+03 5.002005059119091129e+03 5.002000582827690778e+03 5.002004679592992943e+03 5.002008719213437871e+03 5.002003223506177164e+03 5.002004551550428005e+03 5.002005357165940950e+03 5.002002802940185575e+03 5.002007342330587562e+03 5.002008897876089577e+03 5.002006383605088558e+03 5.002001779618494766e+03 5.002005984440546854e+03 5.002000040129340050e+03 5.002002352322145271e+03
5.002000585200831665e+03 5.002000489129005473e+03 5.002005177774889489e+03 5.002000660138452076e+03 5.002008889789031855e+03 5.002008287921296869e+03 5.002007375679371762e+03 5.002002411429212771e+03 5.002006178895041558e+03 5.002007790725077939e+03 5.002000746586073546e+03 5.002009295362391640e+03 5.002005148997969627e+03 5.002004636579957150e+03 5.002005427536510069e+03 5.002000933404854550e+03 5.002004986879976968e+03 5.002008346393246029e+03 5.002001475608414694e+03 5.002005205498177929e+03 5.002005552229328714e+03 5.002000050238886615e+03 5.002005869406456441e+03 5.002000090341458417e+03 5.002007057893688398e+03 5.002008471209194795e+03 5.002002630616150782e+03 5.002004359344460681e+03 5.002002964026433801e+03 5.002009142698053438e+03 5.002000580625652219e+03 5.002006629161778619e+03 5.002005677610775820e+03 5.002004505251084993e+03 5.002001425307345016e+03 5.002005292877806824e+03 5.002000919546662772e+03
5.002008886949544831e+03 5.002000557921931431e+03 5.002004785425958289e+03 5.002006698967683405e+03 5.002007394697930067e+03 5.002008066418403359e+03 5.002000259061389443e+03 5.002003337867195114e+03 5.002002794703717882e+03 5.002008612855157480e+03 5.002006085508695833e+03 5.002005714861435990e+03 5.002008105140338557e+03 5.002002014143659835e+03 5.002003897644320205e+03 5.002001746546402501e+03 5.002007697277017542e+03 5.002003614359949097e+03 5.002006405129347513e+03 5.002004764869151586e+03 5.002005555503643336e+03 5.002007303315479476e+03 5.002006793523482884e+03 5.002005936554458458e+03 5.002003169642453031e+03 5.002003027578644833e+03 5.002002910769186201e+03 5.002002933953261163e+03 5.002007740756592284e+03 5.002006259992293053e+03 5.002008784126188402e+03 5.002002561487771345e+03 5.002001103325199438e+03 5.002008092634558125e+03 5.002008781296789493e+03 5.002008404892432736e+03 5.002001581790962518e+03
5.002000526498733961e+03 5.002006317551134089e+03 5.002008683465624927e+03 5.002000195542860638e+03 5.002004212860021653e+03 5.002008271815028820e+03 5.002004534595986115e+03 5.002001408006795828e+03 5.002008365015436539e+03 5.002008344323969141e+03 5.002003522664464072e+03 5.002003753651731131e+03 5.002008835173582156e+03 5.002008442225192084e+03 5.002008119594628624e+03 5.002006286028510658e+03 5.002005144019228283e+03 5.002009222105903063e+03 5.002007981420390024e+03 5.002001587897237187e+03 5.002008932016273320e+03 5.002003403439113754e+03 5.002005688830502550e+03 5.002001596995416548e+03 5.002007032778255052e+03 5.002003533403711117e+03 5.002003371539328327e+03 5.002004363646951788e+03 5.002005044621188063e+03 5.002005670890454894e+03 5.002005725525176786e+03 5.002000100168083009e+03 5.002004989230265892e+03 5.002003855790419948e+03 5.002004771382817125e+03 5.002003261877886871e+03 5.002003633297696979e+03
5.002004822732247703e+03 5.002002716037086429e+03 5.002007677842895646e+03 5.002002559485606071e+03 5.002002852752883882e+03 5.002002151747096832e+03 5.002006639376746534e+03 5.002007691175709624e+03 5.002006957602387047e+03 5.002002857573670553e+03 5.002005764467638073e+03 5.002007140019503822e+03 5.002003220411191251e+03 5.002000107090962047e+03 5.002002978762157909e+03 5.002006370191751557e+03 5.002006413948392947e+03 5.002001832003462368e+03 5.002006976587128520e+03 5.002005987148516397e+03 5.002006816634950155e+03 5.002002566284243585e+03 5.002004168984449279e+03 5.002008417616100814e+03 5.002005559522414842e+03 5.002007980987684277e+03 5.002004594793808792e+03 5.002000069001590418e+03 5.002001713939994261e+03 5.002005487044714755e+03 5.002000749953756895e+03 5.002007129759177587e+03 5.002006628360411923e+03 5.002006556830887348e+03 5.002009307696324868e+03 5.002007298342588911e+03 5.002005794328290904e+03
5.002002140670548215e+03 5.002005596928255727e+03 5.002000119902233564e+03 5.002000663633009026e+03 5.002001914149060212e+03 5.002008210266472815e+03 5.002006432164754187e+03 5.002000150870113430e+03 5.002000428009667303e+03 5.002002420862046165e+03 5.002006605595222027e+03 5.002008593905559792e+03 5.002001722156298456e+03 5.002004700389685240e+03 5.002005140729439518e+03 5.002003910720132808e+03 5.002007027532843495e+03 5.002007462072932867e+03 5.002006559354063938e+03 5.002008116301579321e+03 5.002003398874404411e+03 5.002001473385468671e+03 5.002003001292469889e+03 5.002005807539275338e+03 5.002001608289123396e+03 5.002002933083840617e+03 5.002004785588494087e+03 5.002007990883086677e+03 5.002008194791591450e+03 5.002000887875676199e+03 5.002000940295986766e+03 5.002006574079327038e+03 5.002007206585602034e+03 5.002005551871708121e+03 5.002007443823084031e+03 5.002002172163851355e+03 5.002002670138861504e+03
5.002001135053242251e+03 5.002001364424721942e+03 5.002007167911068791e+03 5.002008077513790340e+03 5.002005263306895358e+03 5.002008425765864558e+03 5.002008571987424148e+03 5.002008646930963550e+03 5.002000534279140993e+03 5.002006722206692757e+03 5.002008512507728483e+03 5.002000548892865481e+03 5.002002848179738066e+03 5.002008955226584476e+03 5.002005855733013959e+03 5.002002497900328308e+03 5.002008410283796366e+03 5.002008807807298581e+03 5.002007361998688793e+03 5.002008826146663523e+03 5.002003911464991688e+03 5.002003162536391756e+03 5.002001934162031830e+03 5.002004689113479799e+03 5.002000743661425076e+03 5.002006168820450512e+03 5.002003312063718113e+03 5.002002938569144135e+03 5.002006385591037542e+03 5.002009035744402354e+03 5.002004461743442334e+03 5.002009087835802347e+03 5.002006534643778650e+03 5.002003020120580913e+03 5.002006144124800812e+03 5.002003554105444891e+03 5.002008983865232040e+03
5.002003463019259470e+03 5.002004175451935225e+03 5.002000671250571941e+03 5.002002577557797849e+03 5.002003672873990581e+03 5.002004084793714355e+03 5.002008074224816482e+03 5.002000726288617443e+03 5.002001478125605900e+03 5.002001181230373732e+03 5.002001302136258346e+03 5.002007321386846343e+03 5.002009098337885916e+03 5.002005421778401796e+03 5.002002243172105409e+03 5.002005719532041439e+03 5.002004516569299994e+03 5.002007546329134129e+03 5.002000943800211644e+03 5.002005352925217267e+03 5.002005658530594701e+03 5.002006454019210651e+03 5.002003894527802913e+03 5.002005410320371993e+03 5.002002997165416673e+03 5.002004388888896756e+03 5.002004695446112237e+03 5.002000973412713392e+03 5.002000725845948182e+03 5.002008737863156057e+03 5.002003347170264533e+03 5.002006966580617700e+03 5.002009247227233573e+03 5.002003143428898511e+03 5.002004383709457215e+03 5.002003099433685747e+03 5.002005333473864084e+03
5.002003180702527970e+03 5.002008120907301418e+03 5.002002160055697459e+03 5.002004584729404087e+03 5.002006838282445642e+03 5.002002731570107244e+03 5.002002343137211938e+03 5.002002330094504941e+03 5.002004522698833171e+03 5.002003731148181942e+03 5.002001008804747471e+03 5.002004918353464745e+03 5.002000899074928384e+03 5.002005893212703995e+03 5.002004673112764067e+03 5.002005539453319216e+03 5.002003190613268089e+03 5.002006379498541719e+03 5.002001822267744501e+03 5.002003411721749217e+03 5.002006526893034788e+03 5.002003527217952978e+03 5.002006478221553152e+03 5.002005202486887356e+03 5.002006958185696931e+03 5.002003741011623788e+03 5.002000401868232075e+03 5.002007887843072240e+03 5.002006229876265934e+03 5.002003893772560332e+03 5.002005786963435639e+03 5.002001570217445988e+03 5.002006131402623396e+03 5.002001806709409720e+03 5.002007159802801652e+03 5.002005585696590060e+03 5.002009246316141798e+03
5.002000351966002199e+03 5.002003041861130441e+03 5.002006724112109623e+03 5.002001218593617523e+03 5.002006110651325798e+03 5.002008316424100485e+03 5.002006645180736086e+03 5.002004718023417809e+03 5.002009192227522362e+03 5.002003947051067371e+03 5.002000989906336144e+03 5.002001435035194845e+03 5.002000769738960116e+03 5.002004830277298424e+03 5.002001246996106602e+03 5.002004108570596145e+03 5.002000838488522277e+03 5.002003311110877803e+03 5.002001945409294422e+03 5.002009260046453164e+03 5.002001472456369811e+03 5.002003743015440705e+03 5.002008563177828364e+03 5.002001167955931123e+03 5.002000578947401664e+03 5.002001199086392262e+03 5.002004624210473594e+03 5.002001472223949349e+03 5.002007094117901033e+03 5.002004565299327624e+03 5.002006409044644897e+03 5.002005734974522966e+03 5.002003246298420891e+03 5.002003213148494979e+03 5.002005540755805669e+03 5.002003332796681207e+03 5.002005894541463022e+03
5.002002906494306444e+03 5.002001991217065552e+03 5.002003861377496833e+03 5.002006913880938555e+03 5.002006433898674914e+03 5.002001224768714565e+03 5.002002225642231679e+03 5.002005421029783065e+03 5.002005263548220682e+03 5.002004755238580401e+03 5.002007539227790403e+03 5.002002291391328981e+03 5.002003946490014641e+03 5.002001577140902555e+03 5.002007613258700985e+03 5.002005532077834687e+03 5.002006841992709269e+03 5.002006801095663832e+03 5.002001481997571318e+03 5.002001411766064848e+03 5.002002337235870073e+03 5.002005087321733299e+03 5.002007102366724212e+03 5.002006718348177856e+03 5.002002589365939457e+03 5.002007292486357983e+03 5.002009217128667842e+03 5.002008077971133389e+03 5.002002819731270392e+03 5.002007788545647600e+03 5.002005060668857368e+03 5.002005842044375640e+03 5.002007486731934478e+03 5.002006958019374906e+03 5.002002734387686360e+03 5.002006736360292052e+03 5.002006380301717400e+03
5.002002782742414638e+03 5.002002151791114557e+03 5.002003895017891409e+03 5.002005278627141706e+03 5.002002672622582395e+03 5.002004812384010620e+03 5.002004167548977421e+03 5.002007847086714719e+03 5.002008094578029159e+03 5.002009185169049488e+03 5.002003801566970651e+03 5.002005225582923231e+03 5.002001011585203742e+03 5.002000980322444775e+03 5.002002064927614811e+03 5.002002750395902694e+03 5.002002652167464475e+03 5.002002363600403442e+03 5.002006663222655334e+03 5.002003967171018303e+03 5.002005231964709310e+03 5.002002762504892416e+03 5.002007537462068285e+03 5.002005535217230317e+03 5.002005875881306565e+03 5.002003767432885070e+03 5.002003050127523238e+03 5.002003631764162492e+03 5.002007288475078894e+03 5.002006916819451362e+03 5.002003766282970901e+03 5.002001606482353054e+03 5.002001130582593760e+03 5.002008108824300507e+03 5.002001167288544821e+03 5.002000786931990660e+03 5.002005153744808013e+03
5.002002481807574441e+03 5.002002915732207839e+03 5.002002653367368112e+03 5.002004454379663002e+03 5.002002709909416808e+03 5.002000077484952271e+03 5.002005822010646625e+03 5.002004573378660098e+03 5.002006991382884735e+03 5.002004105602645723e+03 5.002000320241457302e+03 5.002003803264310591e+03 5.002000370241078599e+03 5.002005176796108572e+03 5.002006204460223671e+03 5.002003077244597989e+03 5.002002501514321921e+03 5.002002382322916674e+03 5.002002627919608130e+03 5.002007079093747961e+03 5.002006361485287016e+03 5.002005947393904535e+03 5.002000222809118895e+03 5.002008704090179890e+03 5.002003501561313897e+03 5.002006741690488525e+03 5.002006162157030303e+03 5.002004107541953090e+03 5.002004542628097624e+03 5.002000338664994160e+03 5.002002151404148208e+03 5.002007046028539662e+03 5.002001396373859279e+03 5.002006077493621888e+03 5.002006412551408175e+03 5.002006083108465646e+03 5.002002793152617414e+03
