Fall2022/C:\Users\gsbir\Documents\EES_393\Export\sample_topo2_topographic__elevation.txt
ncols 100
nrows 100
xllcorner 0.0
yllcorner 0.0
cellsize 10.0
[rows 68 to 84 of 100, columns 37 to 73 of 100]
5.002007853279294068e+03 5.002000938433202464e+03 5.002004626810361515e+03 5.002002411661407677e+03 5.002004885556621957e+03 5.002005961753339761e+03 5.002003976013409556e+03 5.002004316272498727e+03 5.002003040715577299e+03 5.002004705429647402e+03 5.002005958202012152e+03 5.002009198975368236e+03 5.002001160361732218e+03 5.002009115960328018e+03 5.002005205955826568e+03 5.002005423064649221e+03 5.002007772201524858e+03 5.002005570272016485e+03 5.002008151594875926e+03 5.002007764380388835e+03 5.002002672973858353e+03 5.002007574716240015e+03 5.002006360256384141e+03 5.002004235802891344e+03 5.002000102688505649e+03 5.002006160252172776e+03 5.002006777336010600e+03 5.002009454686934987e+03 5.002007889753707786e+03 5.002001502350766714e+03 5.002008690638489497e+03 5.002005334042324648e+03 5.002001903578832753e+03 5.002007432337016326e+03 5.002004037614506160e+03 5.002009004823911710e+03 5.002003502851070152e+03
5.002002777292621431e+03 5.002003204613296475e+03 5.002004229310785377e+03 5.002004672278725593e+03 5.002005397264179919e+03 5.002004908506255560e+03 5.002000462321078885e+03 5.002007715572716734e+03 5.002002785329980725e+03 5.002003877534838466e+03 5.002003381944250577e+03 5.002001661746053287e+03 5.002006243017948691e+03 5.002008142113166286e+03 5.002000899712453247e+03 5.002004384776279039e+03 5.002005919811239437e+03 5.002003739915565347e+03 5.002008177320273717e+03 5.002002350203913011e+03 5.002000269068909802e+03 5.002000665520863549e+03 5.002006648116694123e+03 5.002001759460646099e+03 5.002001902972329844e+03 5.002002755678364338e+03 5.002008907466084565e+03 5.002005476645365889e+03 5.002001166986463431e+03 5.002008252235669715e+03 5.002006313091548691e+03 5.002007734749414340e+03 5.002003103190586444e+03 5.002000010826833204e+03 5.002006622181327657e+03 5.002005354058313060e+03 5.002004553213858344e+03
5.002000508507784616e+03 5.002005306705587827e+03 5.002008884841011422e+03 5.002006747305729732e+03 5.002002659035202669e+03 5.002000504637329868e+03 5.002008883258272363e+03 5.002000713697728315e+03 5.002005954932626992e+03 5.002007073873083755e+03 5.002001197978540404e+03 5.002005570863256253e+03 5.002007995173044947e+03 5.002006124904647550e+03 5.002001723887607113e+03 5.002005659771754836e+03 5.002007462371932888e+03 5.002005022920067859e+03 5.002005786869575786e+03 5.002006151447107186e+03 5.002006546601000991e+03 5.002009010930467412e+03 5.002008812216243314e+03 5.002008939339617427e+03 5.002006945059800273e+03 5.002006696678867229e+03 5.002008023362912354e+03 5.002006643487773545e+03 5.002006199873982951e+03 5.002008592733053774e+03 5.002001742056694638e+03 5.002008374105257644e+03 5.002004311260846407e+03 5.002006490088173450e+03 5.002006005876673044e+03 5.002001413902135937e+03 5.002001485154398324e+03
5.002004202018067190e+03 5.002006970762673518e+03 5.002003308102781375e+03 5.002003099195469986e+03 5.002008851859785864e+03 5.002001718257339235e+03 5.002008649221823362e+03 5.002001328888519311e+03 5.002008600363904407e+03 5.002000740303239581e+03 5.002009172018694699e+03 5.002008937013052673e+03 5.002003455746554209e+03 5.002004604710187778e+03 5.002008591781624091e+03 5.002001387666804476e+03 5.002002342040039366e+03 5.002002893341882555e+03 5.002009029510513756e+03 5.002005060519577455e+03 5.002006080423083404e+03 5.002004405196760672e+03 5.002006207083284608e+03 5.002008155990187333e+03 5.002008002830099940e+03 5.002001280277207115e+03 5.002004632741020032e+03 5.002006173399616273e+03 5.002002357509283684e+03 5.002004686776293966e+03 5.002001853337538705e+03 5.002008804089222394e+03 5.002008726160443985e+03 5.002008241116598583e+03 5.002003437177223532e+03 5.002000479350407659e+03 5.002005681686534444e+03
5.002004857698815613e+03 5.002005541814889511e+03 5.002001854809577708e+03 5.002009270913557884e+03 5.002003204953284694e+03 5.002004230730120071e+03 5.002004949451422362e+03 5.002000150920689521e+03 5.002001404014383297e+03 5.002005013595479795e+03 5.002001148285929048e+03 5.002001378828257657e+03 5.002000944102455833e+03 5.002000667746533509e+03 5.002004473394003071e+03 5.002007420880153404e+03 5.002008509178926943e+03 5.002000414844362240e+03 5.002001963190459719e+03 5.002005461034764267e+03 5.002007480725476853e+03 5.002003171144357111e+03 5.002002718282167734e+03 5.002004458629560759e+03 5.002007987953857082e+03 5.002007368385608970e+03 5.002005613479902422e+03 5.002008847255216097e+03 5.002009001612129396e+03 5.002000039378090150e+03 5.002000703392450305e+03 5.002001593766466613e+03 5.002004699935009739e+03 5.002000889977528459e+03 5.002000990393179563e+03 5.002007045533664495e+03 5.002008586468720750e+03
5.002007687899029406e+03 5.002003306794009404e+03 5.002002673358541870e+03 5.002008035049644604e+03 5.002001359118496111e+03 5.002001451277967135e+03 5.002005108121175908e+03 5.002007305558846383e+03 5.002000615330476649e+03 5.002000530622675797e+03 5.002008316058690070e+03 5.002000016859237803e+03 5.002003945689248212e+03 5.002007800434033925e+03 5.002007807431484252e+03 5.002001312770494224e+03 5.002007013635869953e+03 5.002003072017868362e+03 5.002007758601184833e+03 5.002004988669485101e+03 5.002000871291177646e+03 5.002006775299841138e+03 5.002007214720064439e+03 5.002001090231020498e+03 5.002003170234132995e+03 5.002008557327652852e+03 5.002000369923836843e+03 5.002008840636668538e+03 5.002000416218490500e+03 5.002004891427550319e+03 5.002008766031555751e+03 5.002004860381241087e+03 5.002001236720348970e+03 5.002005526442285372e+03 5.002007763863434775e+03 5.002004433932675965e+03 5.002002105929856043e+03
5.002004179567759820e+03 5.002004971833149284e+03 5.002000449277540611e+03 5.002007137628937016e+03 5.002005827541757753e+03 5.002007810564924512e+03 5.002002800724483677e+03 5.002001826041661843e+03 5.002000271909160801e+03 5.002004095857825632e+03 5.002003964869788433e+03 5.002006976678871069e+03 5.002000236744783251e+03 5.002008862045933711e+03 5.002007999195531738e+03 5.002008884096931070e+03 5.002001026735371852e+03 5.002003709297211572e+03 5.002001043025349645e+03 5.002008214398405471e+03 5.002001381450462759e+03 5.002001819624334530e+03 5.002006617339008699e+03 5.002007249827570377e+03 5.002002054810041955e+03 5.002003463792115326e+03 5.002004343930036157e+03 5.002006295270830378e+03 5.002000639244385638e+03 5.002005306543453116e+03 5.002000617142820374e+03 5.002008947720490141e+03 5.002004182384695014e+03 5.002001334361484624e+03 5.002002251457931379e+03 5.002003426350857808e+03 5.002001793361379896e+03
5.002008904808662010e+03 5.002003416026675040e+03 5.002001959227416592e+03 5.002006172593015435e+03 5.002009149671316663e+03 5.002000688919910317e+03 5.002006396414660230e+03 5.002005541240767343e+03 5.002008184510011233e+03 5.002009130949212704e+03 5.002001911825356729e+03 5.002002186484979575e+03 5.002001107552295252e+03 5.002007561170709778e+03 5.002004231827251715e+03 5.002007232008821120e+03 5.002005533110755096e+03 5.002006408963766262e+03 5.002008125800561174e+03 5.002001613874877876e+03 5.002005009562099076e+03 5.002002150831359359e+03 5.002004699926250396e+03 5.002006560697696841e+03 5.002000607404111179e+03 5.002001651997139561e+03 5.002002097386710375e+03 5.002006373235344654e+03 5.002001112208839004e+03 5.002008929566516599e+03 5.002007835712134693e+03 5.002007856972179070e+03 5.002002592373179141e+03 5.002000767180112234e+03 5.002002904736813434e+03 5.002002870703765439e+03 5.002002425988002869e+03
5.002004130971685299e+03 5.002008937690172388e+03 5.002006397312845365e+03 5.002001395750405209e+03 5.002005070087998320e+03 5.002005038990982030e+03 5.002002347214941437e+03 5.002005387765606429e+03 5.002003090490343311e+03 5.002001430969128705e+03 5.002004199199262985e+03 5.002004658983221816e+03 5.002004882773415375e+03 5.002000191917100892e+03 5.002005347799500669e+03 5.002008524026324267e+03 5.002003252484097175e+03 5.002002644115791554e+03 5.002004391457347992e+03 5.002006117303098108e+03 5.002006685471418677e+03 5.002000366143750398e+03 5.002009020824771142e+03 5.002006192046708748e+03 5.002002366846620134e+03 5.002003397313154892e+03 5.002004080420779246e+03 5.002004957056218700e+03 5.002002368454194766e+03 5.002000402021209993e+03 5.002005198859305892e+03 5.002003973450849116e+03 5.002004398384833621e+03 5.002006929982841029e+03 5.002002011366321312e+03 5.002002286151708176e+03 5.002003383955363461e+03
5.002002284351630806e+03 5.002001786142355741e+03 5.002002308843113497e+03 5.002008711356479580e+03 5.002000020315454094e+03 5.002008172523456778e+03 5.002002317073809536e+03 5.002008787533256509e+03 5.002001258488313397e+03 5.002005001020636882e+03 5.002001413573192622e+03 5.002003072556214647e+03 5.002005996018463520e+03 5.002007396054711535e+03 5.002004378541742881e+03 5.002005951243103482e+03 5.002003945532428588e+03 5.002004789560211975e+03 5.002008867162162460e+03 5.002005823234120726e+03 5.002003940289531783e+03 5.002002167133531657e+03 5.002001925522966303e+03 5.002005447172585264e+03 5.002005268463175526e+03 5.002001347928679024e+03 5.002005827578330354e+03 5.002007368679633146e+03 5.002001939478430359e+03 5.002000204624572689e+03 5.002006577360683877e+03 5.002003765536010178e+03 5.002008707774295544e+03 5.002004321066153352e+03 5.002003597030495257e+03 5.002000625062624749e+03 5.002002641850232067e+03
5.002007011387470811e+03 5.002003837075631054e+03 5.002007121381469005e+03 5.002003254975078562e+03 5.002001545223446556e+03 5.002002258275884742e+03 5.002001410179255799e+03 5.002001603301100658e+03 5.002004325321877332e+03 5.002007193820535576e+03 5.002001031893219988e+03 5.002004776559795573e+03 5.002008385577136323e+03 5.002002871499898902e+03 5.002000677451382217e+03 5.002000959749630056e+03 5.002006312338538919e+03 5.002003226831317079e+03 5.002002311000058398e+03 5.002003758228751394e+03 5.002001770625831341e+03 5.002002932628030976e+03 5.002003576022680136e+03 5.002004526462487775e+03 5.002003218149213353e+03 5.002008106857383609e+03 5.002005610223563053e+03 5.002002100741131471e+03 5.002001997001413656e+03 5.002004151363745223e+03 5.002007939447277749e+03 5.002007544509179752e+03 5.002001579846917593e+03 5.002005393247053689e+03 5.002008752409620683e+03 5.002009009608761517e+03 5.002002888182976676e+03
5.002009033141618602e+03 5.002006621752960200e+03 5.002001823221327868e+03 5.002001583792423844e+03 5.002002405944065686e+03 5.002000609834864008e+03 5.002006256671157644e+03 5.002003101664869973e+03 5.002007848780272070e+03 5.002004912221808809e+03 5.002005347074764359e+03 5.002001713296526759e+03 5.002001938639014043e+03 5.002001447646979614e+03 5.002007923983786895e+03 5.002001552994920530e+03 5.002000492297267556e+03 5.002007979056338627e+03 5.002008414171261393e+03 5.002008517210470927e+03 5.002002156983891837e+03 5.002002743152301264e+03 5.002005022783386266e+03 5.002006326679928861e+03 5.002009030131976942e+03 5.002005789564782390e+03 5.002000154107250637e+03 5.002000894486921425e+03 5.002000766342001953e+03 5.002008017060122256e+03 5.002001404761247613e+03 5.002004279809682885e+03 5.002009001845414787e+03 5.002004748775535518e+03 5.002000797753213192e+03 5.002008945123508965e+03 5.002008982065056443e+03
5.002007309746928513e+03 5.002000136918487442e+03 5.002001863009243607e+03 5.002009064381054486e+03 5.002001328285710770e+03 5.002001036008165102e+03 5.002004592501168190e+03 5.002002567007416474e+03 5.002003117876253782e+03 5.002008217072967454e+03 5.002000243489329478e+03 5.002002600235608952e+03 5.002002358891800213e+03 5.002001843584728704e+03 5.002002924875883764e+03 5.002004615839719008e+03 5.002002938150489172e+03 5.002000020419151042e+03 5.002004095558590961e+03 5.002000072953225754e+03 5.002007047102864817e+03 5.002001821159121391e+03 5.002003794858559559e+03 5.002001153963050456e+03 5.002008123617069941e+03 5.002005015538441512e+03 5.002008911830533179e+03 5.002000930991180212e+03 5.002002136928411346e+03 5.002006941919501514e+03 5.002002584610056147e+03 5.002006641634626249e+03 5.002003742169590623e+03 5.002003768138411033e+03 5.002002850490071978e+03 5.002007660484462576e+03 5.002008881177584044e+03
5.002009064182487236e+03 5.002004470455966839e+03 5.002004831092630411e+03 5.002004503321490120e+03 5.002003077869825574e+03 5.002009107306795158e+03 5.002007730139755040e+03 5.002002261390795866e+03 5.002001638705008190e+03 5.002004618572754225e+03 5.002007250202831528e+03 5.002008852139196279e+03 5.002001062257349986e+03 5.002000934638207582e+03 5.002000200729593416e+03 5.002006506480203825e+03 5.002005157484747542e+03 5.002008179144728274e+03 5.002001130629705585e+03 5.002008724475187591e+03 5.002001414127512362e+03 5.002004951020537192e+03 5.002001972395763914e+03 5.002007521234148953e+03 5.002008616914867162e+03 5.002006329840538456e+03 5.002005345206961465e+03 5.002001068236846550e+03 5.002006560483121575e+03 5.002002827242186868e+03 5.002005885553739972e+03 5.002003235673673771e+03 5.002000852488245073e+03 5.002006273633872297e+03 5.002003779648113778e+03 5.002005291281360769e+03 5.002006870966468341e+03
5.002003123668057924e+03 5.002008320915872901e+03 5.002002444018263304e+03 5.002008388778719564e+03 5.002003296811354630e+03 5.002005584853392975e+03 5.002003100697119407e+03 5.002000682655928358e+03 5.002004853581871430e+03 5.002005821642516821e+03 5.002006852300691207e+03 5.002003296227870123e+03 5.002002164223375985e+03 5.002002546012870880e+03 5.002000941295490520e+03 5.002008539821453269e+03 5.002001753340888172e+03 5.002000766303155615e+03 5.002008416779267463e+03 5.002000346051329871e+03 5.002000890812872058e+03 5.002001191564870169e+03 5.002000228074094593e+03 5.002007013686105893e+03 5.002005833908571731e+03 5.002001488552488809e+03 5.002008715882196157e+03 5.002001519215978988e+03 5.002005277628867589e+03 5.002006957984382097e+03 5.002006463356215136e+03 5.002006093133695686e+03 5.002003667158846838e+03 5.002004626056311281e+03 5.002009179497433252e+03 5.002008799542487395e+03 5.002002492328957487e+03
5.002002461228697939e+03 5.002000629518322057e+03 5.002004843013675782e+03 5.002005486181858032e+03 5.002006516417710372e+03 5.002008197628319977e+03 5.002005687939071322e+03 5.002006840356164503e+03 5.002002493265045814e+03 5.002002836226262843e+03 5.002001550214099552e+03 5.002001657621904997e+03 5.002006483573902187e+03 5.002005047501888839e+03 5.002005463887830047e+03 5.002006803435074289e+03 5.002005041929704930e+03 5.002002909802272370e+03 5.002000274776795777e+03 5.002003838990099212e+03 5.002001933729021403e+03 5.002000646187650091e+03 5.002002708560590690e+03 5.002004911224908028e+03 5.002003046578451176e+03 5.002001307799273491e+03 5.002007627774430148e+03 5.002001953937670805e+03 5.002008384126498640e+03 5.002005352993082852e+03 5.002004577356586196e+03 5.002002534993269364e+03 5.002007716571420133e+03 5.002000543407006262e+03 5.002006400750441571e+03 5.002009133543923781e+03 5.002007353689406045e+03
5.002009268899118069e+03 5.002007154751042435e+03 5.002000876699781656e+03 5.002000383547649108e+03 5.002004773344359819e+03 5.002004512667286690e+03 5.002008789336447080e+03 5.002003063754073992e+03 5.002008112941651234e+03 5.002000179228677553e+03 5.002005018111790378e+03 5.002001279837715629e+03 5.002005569215100877e+03 5.002005536690335248e+03 5.002001908007545353e+03 5.002007527050483077e+03 5.002006148260108603e+03 5.002003723123185409e+03 5.002007498128619773e+03 5.002000730739595383e+03 5.002007300696894163e+03 5.002001344597114439e+03 5.002001376112872094e+03 5.002007667293703889e+03 5.002004327304115577e+03 5.002005651413558553e+03 5.002001249738679689e+03 5.002005529546515390e+03 5.002006862889917102e+03 5.002009162593898509e+03 5.002006280252123361e+03 5.002002718398543038e+03 5.002007532292391261e+03 5.002000556615203095e+03 5.002000668679428600e+03 5.002003485408677079e+03 5.002007548341726761e+03
