Fall2022/C:\Users\gsbir\Documents\EES_393\Export\sample_topo2_bedrock__elevation.txt
ncols 100
nrows 100
xllcorner 0.0
yllcorner 0.0
cellsize 10.0
[rows 17 to 33 of 100, columns 0 to 36 of 100]
1.645698989289560155e+00 5.016647027170031947e+02 5.016832644387263258e+02 5.017054879756627201e+02 5.017231396131468273e+02 5.017421496041859541e+02 5.017638942730847589e+02 5.017833321354165150e+02 5.018089124469209992e+02 5.018215236283606373e+02 5.018411532060270588e+02 5.018612642587053756e+02 5.018815033963537644e+02 5.019051641335094018e+02 5.019230718377821177e+02 5.019448931698104275e+02 5.019603124958295552e+02 5.019825065435483111e+02 5.020047029347163630e+02 5.020290525557281853e+02 5.020468654629739831e+02 5.020622075841909009e+02 5.020860277806604586e+02 5.021053822694973974e+02 5.021214283500401621e+02 5.021472211727887043e+02 5.021626983242577467e+02 5.021870725582882642e+02 5.022047677133177785e+02 5.022205181117780626e+02 5.022433920574364947e+02 5.022680139026245456e+02 5.022801134158721652e+02 5.023054730385242124e+02 5.023294363786071131e+02 5.023477260717157833e+02 5.023641691302017875e+02
1.629210609827852041e+00 5.016465742722927530e+02 5.016665466952233032e+02 5.016874269749093287e+02 5.017017239222046214e+02 5.017211258846929809e+02 5.017422250505290435e+02 5.017660221246005676e+02 5.017871304911818697e+02 5.018025223126266496e+02 5.018275658974855560e+02 5.018451108787475050e+02 5.018617962848395564e+02 5.018834578916029159e+02 5.019076097661434233e+02 5.019245221581574583e+02 5.019489554446065540e+02 5.019664562346025036e+02 5.019847902676883677e+02 5.020021506333953880e+02 5.020297709701579265e+02 5.020493627858400600e+02 5.020671015085952149e+02 5.020870389413462931e+02 5.021028550103251860e+02 5.021284144963665312e+02 5.021413877222956899e+02 5.021643341147467368e+02 5.021835370522470612e+02 5.022059773868859907e+02 5.022260015728948588e+02 5.022484547142431666e+02 5.022690024112005176e+02 5.022856735759166327e+02 5.023046836566654747e+02 5.023210840019746115e+02 5.023417522380955234e+02
1.601347141641901839e+00 5.016238879661356123e+02 5.016449550782106144e+02 5.016672636055688486e+02 5.016829945383489076e+02 5.017098773837439012e+02 5.017263101495294677e+02 5.017478579236722567e+02 5.017630770655996457e+02 5.017866240022921716e+02 5.018055084986887096e+02 5.018206786267766688e+02 5.018446728640893184e+02 5.018699288642305874e+02 5.018875156897929060e+02 5.019056290571585919e+02 5.019277854321269956e+02 5.019460421642816641e+02 5.019634002833303157e+02 5.019850690197506538e+02 5.020018250233034678e+02 5.020211942480837024e+02 5.020463338866210279e+02 5.020686750162887506e+02 5.020837074300939662e+02 5.021000785590767919e+02 5.021252688530653359e+02 5.021495663663951632e+02 5.021612342846865999e+02 5.021806807826749264e+02 5.022038046015434816e+02 5.022205810823720640e+02 5.022485901279659970e+02 5.022629535194438404e+02 5.022837021073055439e+02 5.023035983038969903e+02 5.023278473307642571e+02
1.583376390202352546e+00 5.016054146173112258e+02 5.016221715409691342e+02 5.016452773861147989e+02 5.016677231999759101e+02 5.016862079291604459e+02 5.017018236219870460e+02 5.017233047482678217e+02 5.017492959145915847e+02 5.017657348719499737e+02 5.017899512550825420e+02 5.018084737725110358e+02 5.018244742900649271e+02 5.018421298576029130e+02 5.018617864467927916e+02 5.018835467509869090e+02 5.019086020312315100e+02 5.019286264264117108e+02 5.019482092009923235e+02 5.019668087277736959e+02 5.019893934046672257e+02 5.020038447244062354e+02 5.020269349937020138e+02 5.020497609591492960e+02 5.020620469526934357e+02 5.020828455815093321e+02 5.021064871555624336e+02 5.021285981175821007e+02 5.021420915341145701e+02 5.021668887226425113e+02 5.021885567185917694e+02 5.022066761275116846e+02 5.022238844636480621e+02 5.022444641850326548e+02 5.022669051332895833e+02 5.022867136440585227e+02 5.023096307430856200e+02
1.561961704154390285e+00 5.015854770537928289e+02 5.016020253601756167e+02 5.016218328079562525e+02 5.016447462070526626e+02 5.016609634557031541e+02 5.016833277222625043e+02 5.017028046223621232e+02 5.017265377956516090e+02 5.017495382396625132e+02 5.017682016275844035e+02 5.017826086906573551e+02 5.018038184453005783e+02 5.018218770409766307e+02 5.018465948101120375e+02 5.018689495463008825e+02 5.018817527557126823e+02 5.019062743675816591e+02 5.019279734056006532e+02 5.019430346699650727e+02 5.019643407892164078e+02 5.019833833820960649e+02 5.020091811643028450e+02 5.020249755381702812e+02 5.020497317825231676e+02 5.020646945718261236e+02 5.020880714980166886e+02 5.021068941026977086e+02 5.021213426780659574e+02 5.021414971786748538e+02 5.021682700710606468e+02 5.021845809340435949e+02 5.022045314077954004e+02 5.022283388609831718e+02 5.022465323712694385e+02 5.022611311258724527e+02 5.022882039925057711e+02
1.541157265254896824e+00 5.015698154864747380e+02 5.015810308495362619e+02 5.016096187358968450e+02 5.016259224392015881e+02 5.016408790745404644e+02 5.016604351716725319e+02 5.016870480890711974e+02 5.017068055598396654e+02 5.017227031119329581e+02 5.017468751684739914e+02 5.017621051617056196e+02 5.017881938115735352e+02 5.018031879190871223e+02 5.018230270499077506e+02 5.018415501279126829e+02 5.018638446984636516e+02 5.018831832262063131e+02 5.019058760954743548e+02 5.019282718175564355e+02 5.019422698107001111e+02 5.019637257779046422e+02 5.019856295319470973e+02 5.020033502764598552e+02 5.020216365400332847e+02 5.020426730604702925e+02 5.020649170885640160e+02 5.020866655286043283e+02 5.021020835525420125e+02 5.021259110799832683e+02 5.021470631320956386e+02 5.021620311986046659e+02 5.021816606951795166e+02 5.022067372826315363e+02 5.022256069837548011e+02 5.022428008542440239e+02 5.022651680493081585e+02
1.529279557543192780e+00 5.015471513500132232e+02 5.015677413163242022e+02 5.015889054834486274e+02 5.016097098990097720e+02 5.016290303490296196e+02 5.016489112122151255e+02 5.016639180130358113e+02 5.016883816947766945e+02 5.017026379708429431e+02 5.017232145039891407e+02 5.017462446122249276e+02 5.017664332564959864e+02 5.017861019454115876e+02 5.018016689385755171e+02 5.018298935769574314e+02 5.018423760444553068e+02 5.018660577201868023e+02 5.018804843528748165e+02 5.019019228307259368e+02 5.019263508716260844e+02 5.019448798546415560e+02 5.019693432505903274e+02 5.019859203280041697e+02 5.020045380669262727e+02 5.020280679705861075e+02 5.020468569357882984e+02 5.020695049254294986e+02 5.020896826648089473e+02 5.021086347280521522e+02 5.021214958020755148e+02 5.021489323688944069e+02 5.021628524542044829e+02 5.021889800868901261e+02 5.022046920489350441e+02 5.022274293814714383e+02 5.022492602613560280e+02
1.505761017691059411e+00 5.015276553370480883e+02 5.015420794047201980e+02 5.015688668582402556e+02 5.015833816812794907e+02 5.016014544311095165e+02 5.016287351417634000e+02 5.016481421532657805e+02 5.016642805734011858e+02 5.016804812605947745e+02 5.017029806401700966e+02 5.017264049737197524e+02 5.017473111696007209e+02 5.017645871701041642e+02 5.017826057418292294e+02 5.018068640391982171e+02 5.018214734745606052e+02 5.018458063689924984e+02 5.018627241508525572e+02 5.018876078260806253e+02 5.019086899115824281e+02 5.019287770373133526e+02 5.019444341994176852e+02 5.019652175156496128e+02 5.019888680311681242e+02 5.020054371370891886e+02 5.020260225402417404e+02 5.020443212815093830e+02 5.020686598168210253e+02 5.020863370846658995e+02 5.021085739112743340e+02 5.021241236888192248e+02 5.021491860383142694e+02 5.021624974164471951e+02 5.021857991065139686e+02 5.022090198694353376e+02 5.022295974302089689e+02
1.486143988739077937e+00 5.015099727109278547e+02 5.015264784684225674e+02 5.015465888764048259e+02 5.015665373092649020e+02 5.015811181957761846e+02 5.016039129391066922e+02 5.016239546199881261e+02 5.016481586346520771e+02 5.016651458040582270e+02 5.016898852220329559e+02 5.017048305925176237e+02 5.017268891697185609e+02 5.017420245813835322e+02 5.017653875769226488e+02 5.017867140914146376e+02 5.018060397938026540e+02 5.018281830190308028e+02 5.018439447607598254e+02 5.018668447593275914e+02 5.018851523205353260e+02 5.019097192651818773e+02 5.019234927078916826e+02 5.019437758132254999e+02 5.019651715335454014e+02 5.019827277496166289e+02 5.020005406600098468e+02 5.020237146293196702e+02 5.020441033744486958e+02 5.020691614549875226e+02 5.020806769247626562e+02 5.021023050698768202e+02 5.021253732082846568e+02 5.021402545891970135e+02 5.021659040875645701e+02 5.021807736483891063e+02 5.022076090497197356e+02
1.468661755544491188e+00 5.014821532392808194e+02 5.015027129209559575e+02 5.015214905452683638e+02 5.015440022207925495e+02 5.015671828490940243e+02 5.015826513928653867e+02 5.016056451771898992e+02 5.016278875422262331e+02 5.016417749914496085e+02 5.016696573235072378e+02 5.016857380105259381e+02 5.017084994050578644e+02 5.017267237340120118e+02 5.017489725525746280e+02 5.017699383231714592e+02 5.017849821089041029e+02 5.018097452422697415e+02 5.018256076028912958e+02 5.018440278085317345e+02 5.018613034227558387e+02 5.018864522639441361e+02 5.019057263465206802e+02 5.019280264655902783e+02 5.019400995223951440e+02 5.019621266125742522e+02 5.019875924468409494e+02 5.020095857859981265e+02 5.020266057979132484e+02 5.020453117828049017e+02 5.020655780799901322e+02 5.020837099142767102e+02 5.021017295791678521e+02 5.021267243229528958e+02 5.021459950146906976e+02 5.021601575813523368e+02 5.021882087021285201e+02
1.442185676900312519e+00 5.014699169548630380e+02 5.014838562962323749e+02 5.015046721671561158e+02 5.015203364562756860e+02 5.015487495276564687e+02 5.015646572224387114e+02 5.015802713731944209e+02 5.016052564614205949e+02 5.016283276342778095e+02 5.016473499151656483e+02 5.016649950429678029e+02 5.016892028923032285e+02 5.017028228511632619e+02 5.017275055475274712e+02 5.017418062015029818e+02 5.017659515117226192e+02 5.017851744640842071e+02 5.018096646828038274e+02 5.018216278819974150e+02 5.018430318216832688e+02 5.018656970677282061e+02 5.018806883985653826e+02 5.019068423866414719e+02 5.019219725078673378e+02 5.019417009271411985e+02 5.019652600082908975e+02 5.019870489971062852e+02 5.020011538627629193e+02 5.020229397411387140e+02 5.020480927924905927e+02 5.020671327081185495e+02 5.020822898545903286e+02 5.021008882952176577e+02 5.021285766124681231e+02 5.021426891546504976e+02 5.021686374352112807e+02
1.421399754622417300e+00 5.014435071739903265e+02 5.014603370198937000e+02 5.014841723510846805e+02 5.015031799949915126e+02 5.015207096333384129e+02 5.015435597078231353e+02 5.015605407625938028e+02 5.015856308305945959e+02 5.016059717435341554e+02 5.016227665421309894e+02 5.016458096897179644e+02 5.016663447857102938e+02 5.016858312184598390e+02 5.017048286462620581e+02 5.017254703969176717e+02 5.017470829948243818e+02 5.017678670815024589e+02 5.017813940011944851e+02 5.018090977432749469e+02 5.018253318961048421e+02 5.018477799485881405e+02 5.018603000353064658e+02 5.018805231860489471e+02 5.019048478042452643e+02 5.019279611657311762e+02 5.019401615224172701e+02 5.019683188835879832e+02 5.019843409720862724e+02 5.020029564554807280e+02 5.020232383451884743e+02 5.020414421319637199e+02 5.020645048104875059e+02 5.020861910633695402e+02 5.021053233620758078e+02 5.021290793573148790e+02 5.021478928194108562e+02
1.408409328479363953e+00 5.014252904517827005e+02 5.014481231318320624e+02 5.014635835178840466e+02 5.014851957740091848e+02 5.015065186640770776e+02 5.015230592511629197e+02 5.015441800556711200e+02 5.015668090031064708e+02 5.015875490603572757e+02 5.016086184960320793e+02 5.016293760556989696e+02 5.016416136269736512e+02 5.016622329857901263e+02 5.016859226003460321e+02 5.017085945363419910e+02 5.017298863726925902e+02 5.017423131185681200e+02 5.017628594300053351e+02 5.017887620689223240e+02 5.018072486378954409e+02 5.018242727505970606e+02 5.018489647828914713e+02 5.018684450443640799e+02 5.018842579973442639e+02 5.019017347500192159e+02 5.019282043229152919e+02 5.019478948058857100e+02 5.019682764831048303e+02 5.019815889766218220e+02 5.020042078683326849e+02 5.020294306628754271e+02 5.020403397110231936e+02 5.020644348249606992e+02 5.020874637639224147e+02 5.021063959250570861e+02 5.021225927358007652e+02
1.384338839538490129e+00 5.014013044803438675e+02 5.014228142063678888e+02 5.014460292529825551e+02 5.014605895938129265e+02 5.014844880098547151e+02 5.015077118910708123e+02 5.015208349457865893e+02 5.015495954429217704e+02 5.015671238946804920e+02 5.015837621390783738e+02 5.016097764000464281e+02 5.016269084489468355e+02 5.016413040506900529e+02 5.016604344441560670e+02 5.016864107355486340e+02 5.017014380663711108e+02 5.017251517537548580e+02 5.017423690257513158e+02 5.017634303269178417e+02 5.017804575421664026e+02 5.018057436515440486e+02 5.018216781328678167e+02 5.018402394955705859e+02 5.018698762684178405e+02 5.018823148328301613e+02 5.019087413395358794e+02 5.019245811906213817e+02 5.019462176411951759e+02 5.019608005052606359e+02 5.019804337671055805e+02 5.020036536963769436e+02 5.020218137513551255e+02 5.020450285929956067e+02 5.020630265287690577e+02 5.020872680941052977e+02 5.021026466977364180e+02
1.362145489084468863e+00 5.013897207453787814e+02 5.014007553213753567e+02 5.014245450781915565e+02 5.014493693245179884e+02 5.014647293972319062e+02 5.014853060164798535e+02 5.015030352848957591e+02 5.015265305846605202e+02 5.015470977024199897e+02 5.015698339153533993e+02 5.015864978165029129e+02 5.016065464496542745e+02 5.016202965102125972e+02 5.016412120449716667e+02 5.016659824400236403e+02 5.016878833393059267e+02 5.017053824783120035e+02 5.017209358979755507e+02 5.017479092487311618e+02 5.017605084923323489e+02 5.017845671984478031e+02 5.018025043242736842e+02 5.018273408921569398e+02 5.018412301178177586e+02 5.018646975301739985e+02 5.018879921435462848e+02 5.019047443621525417e+02 5.019270201716673228e+02 5.019402684249045024e+02 5.019654653072260544e+02 5.019895119205816059e+02 5.020096918771242258e+02 5.020252943338942941e+02 5.020441915017792667e+02 5.020648580655922046e+02 5.020880768577354729e+02
1.349461404608699455e+00 5.013656475841127076e+02 5.013847587124124630e+02 5.014079699007122599e+02 5.014218646204802781e+02 5.014472120085061988e+02 5.014631195440096008e+02 5.014834060699849942e+02 5.015081094227048197e+02 5.015245213864155858e+02 5.015427788151633877e+02 5.015630741868978930e+02 5.015876104449237687e+02 5.016040254129476352e+02 5.016285660630063603e+02 5.016498027092354732e+02 5.016645530995120339e+02 5.016832896609490717e+02 5.017078223984785836e+02 5.017234684269425884e+02 5.017482364833123256e+02 5.017615815752624826e+02 5.017800158576628746e+02 5.018090993913484112e+02 5.018206422843036307e+02 5.018413906336364789e+02 5.018650320287336513e+02 5.018873931752286239e+02 5.019063462624702652e+02 5.019282931306098021e+02 5.019418630175882754e+02 5.019683008216636040e+02 5.019839146260604821e+02 5.020090364674597367e+02 5.020278326178043926e+02 5.020402502562437803e+02 5.020643597548547632e+02
1.325660171846745561e+00 5.013404636831889434e+02 5.013686927087953222e+02 5.013803772000652543e+02 5.014024287143209335e+02 5.014213495549552704e+02 5.014423262350490518e+02 5.014617509294067190e+02 5.014870621668154058e+02 5.015027803739699266e+02 5.015242368090478067e+02 5.015436561331516145e+02 5.015682388224132069e+02 5.015877080229594185e+02 5.016008018192678151e+02 5.016221569409796643e+02 5.016456971300710848e+02 5.016605903029993101e+02 5.016898794199261147e+02 5.017041624360512628e+02 5.017208930594600815e+02 5.017460122115894023e+02 5.017637136223437437e+02 5.017865933192874195e+02 5.018003414093360561e+02 5.018203308953030728e+02 5.018419068918180415e+02 5.018617957843815134e+02 5.018808306388424398e+02 5.019064478008937158e+02 5.019250835154235233e+02 5.019498592103092847e+02 5.019646412404715647e+02 5.019875531181269253e+02 5.020034923175581412e+02 5.020293296594050503e+02 5.020464666370493205e+02
