Fall2022/C:\Users\gsbir\Documents\EES_393\Export\sample_topo2_topographic__elevation.txt
ncols 100
nrows 100
xllcorner 0.0
yllcorner 0.0
cellsize 10.0
[rows 34 to 50 of 100, columns 37 to 73 of 100]
5.002002535337911468e+03 5.002000297410455460e+03 5.002003928008118237e+03 5.002009117147254074e+03 5.002001236830286871e+03 5.002000560919176678e+03 5.002000207140225939e+03 5.002001718055763376e+03 5.002005134993285537e+03 5.002007837706889404e+03 5.002007832785552637e+03 5.002009196530530062e+03 5.002004685468671596e+03 5.002006600124128454e+03 5.002006627212151216e+03 5.002003863359397656e+03 5.002003103152065705e+03 5.002002236110165541e+03 5.002001541381750940e+03 5.002005421983927590e+03 5.002006519052221847e+03 5.002006419073597499e+03 5.002002077193934383e+03 5.002000666499867293e+03 5.002004313137243116e+03 5.002001213428305164e+03 5.002000981985063845e+03 5.002004203855697597e+03 5.002001219713313731e+03 5.002000568404225305e+03 5.002005349872133593e+03 5.002002480727274815e+03 5.002008778171116319e+03 5.002005076630994154e+03 5.002007127737230803e+03 5.002008623181933217e+03 5.002002362057248320e+03
5.002007465006436178e+03 5.002005091731876746e+03 5.002008572946890126e+03 5.002001418280120561e+03 5.002000172674215719e+03 5.002004443603868822e+03 5.002002122869820596e+03 5.002000634350490145e+03 5.002007992176474545e+03 5.002001082436521756e+03 5.002005823338894515e+03 5.002005666047504747e+03 5.002002240991642793e+03 5.002002829838402249e+03 5.002001637827407649e+03 5.002000810155446743e+03 5.002006540343196320e+03 5.002000741674359233e+03 5.002000143317733091e+03 5.002008894766108824e+03 5.002008118099436615e+03 5.002008968838825240e+03 5.002000503555874275e+03 5.002000375737085051e+03 5.002008717314290152e+03 5.002001917571576087e+03 5.002001989720031816e+03 5.002009147330000815e+03 5.002008833006748318e+03 5.002007350357844189e+03 5.002004530962697572e+03 5.002000956749710895e+03 5.002005302063345880e+03 5.002001947281461071e+03 5.002001517001186585e+03 5.002002490567247150e+03 5.002007006661267042e+03
5.002008132583661791e+03 5.002004168683276475e+03 5.002007781444523062e+03 5.002006622073066865e+03 5.002005301115284055e+03 5.002006064493394661e+03 5.002004765481645336e+03 5.002002880193102101e+03 5.002003135953473247e+03 5.002000908217401957e+03 5.002006498545925751e+03 5.002001524117013105e+03 5.002008648585711853e+03 5.002008844402727846e+03 5.002004615528223439e+03 5.002009364854319756e+03 5.002003585897113226e+03 5.002002369991033447e+03 5.002004797829617019e+03 5.002003793299080826e+03 5.002009155207316326e+03 5.002005908580500545e+03 5.002006582121639440e+03 5.002003859767940412e+03 5.002002469197667779e+03 5.002008534026876987e+03 5.002006550286804668e+03 5.002006994472596489e+03 5.002008566042343773e+03 5.002004873762397438e+03 5.002004882428345809e+03 5.002001204912808134e+03 5.002007371340794634e+03 5.002007509221091823e+03 5.002001023918651299e+03 5.002001031018379763e+03 5.002007896525571596e+03
5.002007317758447243e+03 5.002003369749641934e+03 5.002002622621482260e+03 5.002000912008963496e+03 5.002002368224174461e+03 5.002000112174642709e+03 5.002002115448090990e+03 5.002002067945423732e+03 5.002002296589089383e+03 5.002002929708724878e+03 5.002009247536294424e+03 5.002005819491437251e+03 5.002007709070947385e+03 5.002004531479255093e+03 5.002001021339764520e+03 5.002005141135457961e+03 5.002006760121455955e+03 5.002005847085178175e+03 5.002007449238362824e+03 5.002001606880599866e+03 5.002008302112508318e+03 5.002002028783143942e+03 5.002001998413379624e+03 5.002000547768004253e+03 5.002008794718611171e+03 5.002005912589163017e+03 5.002001219182386194e+03 5.002006041737711712e+03 5.002005189048081775e+03 5.002006680040254651e+03 5.002002444962879963e+03 5.002004893455439742e+03 5.002007619307300047e+03 5.002000712654116796e+03 5.002005943962590209e+03 5.002000165460596691e+03 5.002006453383894950e+03
5.002007727267916380e+03 5.002002092601898767e+03 5.002005313684649082e+03 5.002007962471077008e+03 5.002006072305577618e+03 5.002001486603773628e+03 5.002004422056626026e+03 5.002008312876220771e+03 5.002004496269231822e+03 5.002002072792464787e+03 5.002007576577386317e+03 5.002006403848841728e+03 5.002000671262533615e+03 5.002008581895872339e+03 5.002002184226374993e+03 5.002007490782035347e+03 5.002005414602317614e+03 5.002001127862767135e+03 5.002006999400388850e+03 5.002007357777322795e+03 5.002007112542832147e+03 5.002007019164742815e+03 5.002000915147603337e+03 5.002000955345569309e+03 5.002004316135052250e+03 5.002006235133285372e+03 5.002008505290412359e+03 5.002000318696188515e+03 5.002003238535184209e+03 5.002000814708219878e+03 5.002009269616918573e+03 5.002005458919519697e+03 5.002006195850442964e+03 5.002009027947337927e+03 5.002006783782098864e+03 5.002008964147068582e+03 5.002000033947355405e+03
5.002005292612606354e+03 5.002003121378844298e+03 5.002002961645440337e+03 5.002001056922932548e+03 5.002002329134712454e+03 5.002002190929993958e+03 5.002006752919721293e+03 5.002004658185336666e+03 5.002007632348655534e+03 5.002002355656833060e+03 5.002002993973121193e+03 5.002001684503903562e+03 5.002002445753276334e+03 5.002006071164308196e+03 5.002002384602375969e+03 5.002003659512578452e+03 5.002001419530712155e+03 5.002006910158543178e+03 5.002001437268871996e+03 5.002005207657616666e+03 5.002000141254655318e+03 5.002002101059087181e+03 5.002001493334665611e+03 5.002006568643208084e+03 5.002008400956142395e+03 5.002005858150033418e+03 5.002005943176381152e+03 5.002004344341514297e+03 5.002007105767172106e+03 5.002006301504468865e+03 5.002002442562985379e+03 5.002002264906939672e+03 5.002000557952176678e+03 5.002001733872340992e+03 5.002007879600188062e+03 5.002002360321726883e+03 5.002004279020278773e+03
5.002005172176669475e+03 5.002004520689134552e+03 5.002008091923177744e+03 5.002005798708595648e+03 5.002006827298924691e+03 5.002005187858161662e+03 5.002005817343941089e+03 5.002005454021374135e+03 5.002000670581306622e+03 5.002005620542583529e+03 5.002002976389299874e+03 5.002005459682039145e+03 5.002004343696416981e+03 5.002005634898122480e+03 5.002004902147123175e+03 5.002004674231184254e+03 5.002004964544484210e+03 5.002001828658954764e+03 5.002000360754042049e+03 5.002005686009290912e+03 5.002005149571249603e+03 5.002003912753100849e+03 5.002005041009409069e+03 5.002008254126611973e+03 5.002005743258569055e+03 5.002005634086068312e+03 5.002006935081337360e+03 5.002001437439417714e+03 5.002000923108877032e+03 5.002006692166733956e+03 5.002008833118053190e+03 5.002006418166037292e+03 5.002004871432657637e+03 5.002005078273075014e+03 5.002000799659082077e+03 5.002003354948968990e+03 5.002003604934321629e+03
5.002000063485240389e+03 5.002006144246552140e+03 5.002001370997279082e+03 5.002004128255273827e+03 5.002005900294994717e+03 5.002002537811435104e+03 5.002000916286065149e+03 5.002000071258946264e+03 5.002007892691489360e+03 5.002003608167055063e+03 5.002006676521879854e+03 5.002004019105269435e+03 5.002000181384824828e+03 5.002002809169560351e+03 5.002000220620320761e+03 5.002002206693806329e+03 5.002002259006172608e+03 5.002001804581132092e+03 5.002008103104567454e+03 5.002006291015953138e+03 5.002009004058812025e+03 5.002001817433174438e+03 5.002004559682141007e+03 5.002008984223209154e+03 5.002003949598098188e+03 5.002009333396267721e+03 5.002001794243682525e+03 5.002004792308459400e+03 5.002002317028712241e+03 5.002008757351935856e+03 5.002005083253219709e+03 5.002008290856953863e+03 5.002002905698360337e+03 5.002005810911876324e+03 5.002001810920694879e+03 5.002005792204186946e+03 5.002005794858833724e+03
5.002005148398230631e+03 5.002005796422618914e+03 5.002003337525686220e+03 5.002002753959649453e+03 5.002002339241884329e+03 5.002007498550988203e+03 5.002002399457003776e+03 5.002004145033539317e+03 5.002007516551466324e+03 5.002007919582917566e+03 5.002002310559454600e+03 5.002000147789944094e+03 5.002007071459267536e+03 5.002003852525655930e+03 5.002001540899422253e+03 5.002001286672799324e+03 5.002000375188374164e+03 5.002008359471274161e+03 5.002000024982566174e+03 5.002003708479962370e+03 5.002005110541921567e+03 5.002006248381753721e+03 5.002006451642709180e+03 5.002001537722790999e+03 5.002006149918921437e+03 5.002005163624383385e+03 5.002007674658842006e+03 5.002008961138837549e+03 5.002005594039705102e+03 5.002008831577151795e+03 5.002002102600607941e+03 5.002000448636787041e+03 5.002000832911581711e+03 5.002002153147112040e+03 5.002007071905991324e+03 5.002008764139623963e+03 5.002007353175394201e+03
5.002008024003089304e+03 5.002002720110034716e+03 5.002000741969627597e+03 5.002006523702188133e+03 5.002004700429224613e+03 5.002006774711748221e+03 5.002002227001605206e+03 5.002006001300843309e+03 5.002006012210483277e+03 5.002006987123840190e+03 5.002001447766991078e+03 5.002006943214711100e+03 5.002006670965026387e+03 5.002002199975697295e+03 5.002004172676663075e+03 5.002008977708630482e+03 5.002002069173575364e+03 5.002004354266136943e+03 5.002005367297196244e+03 5.002007638616248187e+03 5.002001418400211151e+03 5.002002134113930879e+03 5.002004375644949505e+03 5.002000124689336189e+03 5.002004214587903334e+03 5.002003998873798992e+03 5.002008508235519002e+03 5.002005201912262237e+03 5.002000116454714771e+03 5.002006069024350836e+03 5.002001636682608478e+03 5.002005852087279891e+03 5.002005118631559526e+03 5.002003002004877089e+03 5.002008591572672231e+03 5.002003204328045285e+03 5.002002982443911606e+03
5.002005062763491878e+03 5.002001218257336404e+03 5.002005312376780239e+03 5.002002808317361087e+03 5.002005978466337183e+03 5.002001695684742117e+03 5.002007264066724019e+03 5.002007864441230595e+03 5.002002412861515040e+03 5.002008133093831930e+03 5.002000322027010952e+03 5.002004108357804398e+03 5.002002770828968096e+03 5.002003809911231656e+03 5.002008361311160115e+03 5.002001798434768716e+03 5.002006483314688921e+03 5.002005533975028811e+03 5.002006595948181712e+03 5.002004187971548163e+03 5.002006467945703662e+03 5.002002895430528042e+03 5.002003152983194013e+03 5.002005347684022126e+03 5.002002067601773888e+03 5.002005940489794739e+03 5.002006883489212669e+03 5.002001649019231081e+03 5.002008424356333308e+03 5.002009321498750069e+03 5.002006898094652570e+03 5.002006127411304078e+03 5.002008816495037536e+03 5.002001163650216768e+03 5.002002535496109886e+03 5.002003702966575474e+03 5.002003044249844606e+03
5.002003119925834653e+03 5.002000331816311700e+03 5.002002151786264221e+03 5.002003024683415788e+03 5.002000972691741481e+03 5.002002944150629446e+03 5.002006620029948863e+03 5.002001855414447164e+03 5.002008638675150905e+03 5.002009259833470423e+03 5.002006601541137570e+03 5.002002088498483317e+03 5.002009127746793638e+03 5.002006241655209124e+03 5.002006458955774178e+03 5.002007891501361883e+03 5.002008957869490587e+03 5.002000462453057480e+03 5.002000057695913711e+03 5.002001054173425473e+03 5.002000567559399315e+03 5.002004704585056970e+03 5.002005972660047519e+03 5.002007822881416359e+03 5.002002294458256983e+03 5.002002920022689068e+03 5.002003576599000553e+03 5.002002426732495223e+03 5.002004192564177174e+03 5.002006270666022829e+03 5.002006585100922166e+03 5.002006414208570277e+03 5.002001730929735459e+03 5.002003524868696331e+03 5.002007301226972231e+03 5.002003441253454184e+03 5.002000631637798506e+03
5.002001176273857709e+03 5.002009023121092469e+03 5.002000671225448059e+03 5.002006054211778974e+03 5.002000704251567186e+03 5.002004697395946096e+03 5.002003204100807125e+03 5.002003354754991051e+03 5.002003388148362319e+03 5.002006130875798590e+03 5.002005339689916582e+03 5.002002167893469050e+03 5.002005607901816802e+03 5.002008198821720725e+03 5.002003659921376311e+03 5.002007963605889927e+03 5.002000495797263284e+03 5.002000874813710652e+03 5.002003984575550930e+03 5.002008574217213209e+03 5.002008218072898671e+03 5.002000981321874860e+03 5.002001125729139858e+03 5.002005283166693516e+03 5.002002902460287260e+03 5.002000973179670837e+03 5.002009254745405997e+03 5.002003568539199478e+03 5.002006787870954213e+03 5.002004907432179607e+03 5.002001176336183562e+03 5.002003681408868033e+03 5.002000623646325948e+03 5.002005600825651527e+03 5.002005744712688283e+03 5.002006131667815680e+03 5.002004095567705008e+03
5.002007566798512016e+03 5.002006160560563330e+03 5.002008214268962547e+03 5.002001281806637053e+03 5.002008924245553317e+03 5.002008174866971785e+03 5.002003913345369256e+03 5.002002378557945121e+03 5.002004518926114542e+03 5.002006625278828324e+03 5.002008409199494963e+03 5.002001603949924174e+03 5.002004560891753499e+03 5.002001234368362020e+03 5.002002016912692852e+03 5.002002726273766712e+03 5.002007109974374544e+03 5.002001046044326358e+03 5.002007194521599558e+03 5.002007495636215026e+03 5.002006669045629678e+03 5.002000145163648995e+03 5.002001781955754268e+03 5.002004963471106748e+03 5.002008682669858899e+03 5.002007510866977100e+03 5.002007896018290012e+03 5.002002030131864558e+03 5.002004982940119589e+03 5.002005319248437445e+03 5.002004025441322483e+03 5.002001047313144227e+03 5.002006169478374431e+03 5.002000374967248717e+03 5.002005039909397055e+03 5.002008879674275704e+03 5.002009451326523049e+03
5.002003847008672892e+03 5.002008238916947448e+03 5.002009249266392544e+03 5.002006308775347861e+03 5.002008339098792931e+03 5.002001719701077491e+03 5.002008078957935140e+03 5.002001754484705089e+03 5.002008012880832212e+03 5.002002573702802692e+03 5.002004611421054506e+03 5.002000648604557682e+03 5.002002370167894696e+03 5.002006983491698520e+03 5.002000760321589951e+03 5.002001040616236423e+03 5.002001217876841110e+03 5.002000829202185741e+03 5.002001963274877198e+03 5.002003460947298663e+03 5.002003931332537832e+03 5.002006613158215259e+03 5.002006547746509568e+03 5.002003262117127633e+03 5.002009146230681836e+03 5.002002056368654848e+03 5.002008260353709375e+03 5.002003479641035483e+03 5.002008156206407875e+03 5.002001645464446483e+03 5.002000941361750847e+03 5.002000288086343971e+03 5.002004240248803399e+03 5.002003035504524632e+03 5.002001182289841381e+03 5.002001734646277328e+03 5.002009155980929791e+03
5.002007070720028423e+03 5.002000764302552852e+03 5.002003209871188119e+03 5.002007873070639107e+03 5.002007748101902507e+03 5.002008162730774529e+03 5.002008538880922970e+03 5.002001793384373741e+03 5.002008869227451214e+03 5.002006488309809356e+03 5.002005265573167890e+03 5.002001741577229041e+03 5.002001065067946001e+03 5.002003002676216965e+03 5.002007168207905124e+03 5.002009067549778592e+03 5.002005354895370147e+03 5.002001285645196731e+03 5.002001871323440355e+03 5.002002030669735177e+03 5.002008502826890435e+03 5.002008170621241334e+03 5.002004996086290703e+03 5.002008240008146458e+03 5.002009043749691955e+03 5.002000293600285659e+03 5.002008597398248639e+03 5.002001825234045100e+03 5.002008696595519723e+03 5.002006249891109292e+03 5.002005290240544127e+03 5.002008854312004587e+03 5.002007755064547382e+03 5.002007513643173297e+03 5.002001376370080834e+03 5.002000666513476972e+03 5.002003635938413936e+03
5.002007708158873356e+03 5.002002185751737670e+03 5.002008161742789525e+03 5.002001945509613506e+03 5.002006998380672485e+03 5.002006882155281346e+03 5.002003861516665893e+03 5.002004887524877631e+03 5.002004764080626046e+03 5.002005681238637408e+03 5.002006700371527586e+03 5.002007778586176755e+03 5.002002153951844775e+03 5.002000973495499238e+03 5.002002252836085063e+03 5.002003399658805392e+03 5.002004577818401231e+03 5.002003469666567071e+03 5.002002453117938785e+03 5.002006542620669279e+03 5.002004137260817515e+03 5.002007753495046018e+03 5.002002540451592722e+03 5.002002149471716621e+03 5.002001849195885370e+03 5.002004762997145008e+03 5.002008849058472151e+03 5.002006811478478085e+03 5.002000121769997349e+03 5.002008067830249274e+03 5.002002087032303280e+03 5.002007571359740723e+03 5.002006098937726165e+03 5.002006262593658903e+03 5.002006440061537432e+03 5.002008539379893591e+03 5.002001227101818586e+03
