Fall2022/C:\Users\gsbir\Documents\EES_393\Export\sample_topo2_topographic__elevation.txt
ncols 100
nrows 100
xllcorner 0.0
yllcorner 0.0
cellsize 10.0
[rows 17 to 33 of 100, columns 37 to 73 of 100]
4.153710613744546976e+00 4.253461547355311012e+00 5.062102945055221070e+00 5.476316507428315106e+00 5.594494565104204398e+00 5.180281002731110362e+00 4.449850718385771842e+00 4.449850718385771842e+00 3.539834972518939971e+00 4.539834972518940859e+00 4.447809424195936501e+00 5.259085807917092126e+00 4.966192589103638255e+00 5.966192589103640032e+00 5.734270072605475832e+00 6.571133365788945468e+00 6.851799698107406300e+00 6.437586135734312265e+00 6.851799698107406300e+00 6.346570335328072687e+00 5.346570335328070911e+00 4.769220066138443848e+00 5.297815545347413391e+00 5.712029107720507426e+00 4.881402062915286777e+00 4.174295281728737983e+00 4.820741891135465806e+00 4.580663956995858044e+00 4.580663956995858044e+00 3.668538912028607157e+00 4.668538912028608934e+00 5.171488125343314479e+00 5.431298481064413153e+00 5.845512043437507188e+00 6.422862312627133363e+00 6.767812157350149960e+00 5.767812157350148183e+00
3.970207194672272788e+00 4.970207194672273232e+00 5.667675109728406824e+00 5.509522707371786510e+00 5.095309144998692474e+00 4.180281002731108586e+00 4.363784421803384106e+00 3.449850718385770065e+00 4.449850718385771842e+00 4.954048534892036670e+00 5.447809424195938277e+00 5.862022986569032312e+00 5.966192589103640032e+00 6.380406151476734067e+00 6.734270072605477608e+00 7.148483634978571644e+00 6.351799698107406300e+00 5.437586135734310488e+00 6.351799698107406300e+00 6.582272595723587472e+00 5.582272595723585695e+00 4.875165814537037789e+00 4.297815545347411614e+00 4.932667173677302230e+00 5.346880736050398042e+00 4.820741891135465806e+00 3.820741891135464030e+00 4.496299048873938276e+00 3.580663956995857600e+00 4.580663956995858044e+00 5.082752474401702969e+00 5.513847606453454731e+00 5.867400997046727795e+00 6.281614559419823607e+00 6.858964828609449782e+00 6.341578638108757104e+00 5.927365075735663069e+00
4.764368830497014429e+00 5.384420757045369044e+00 5.317372318770374306e+00 4.903158756397278495e+00 4.095309144998690698e+00 4.278812564070966218e+00 3.363784421803382774e+00 4.363784421803384106e+00 3.783184051719103991e+00 4.161148524728331743e+00 4.569396815192195760e+00 5.276503596378743666e+00 6.276503596378745442e+00 6.719401639732579312e+00 6.305188077359485277e+00 6.305188077359485277e+00 5.937586135734312265e+00 4.937586135734310488e+00 5.437586135734312265e+00 5.718291484209640174e+00 6.011184703023092268e+00 5.639773954863850136e+00 4.639773954863848360e+00 3.932667173677300898e+00 4.624060473753118572e+00 4.829534978229142794e+00 4.415321415856046983e+00 3.496299048873937831e+00 4.496299048873938276e+00 3.923661127280876126e+00 4.212336261875689658e+00 4.513847606453452954e+00 4.867400997046726907e+00 5.444751266236353970e+00 6.444751266236355747e+00 5.764228368919130929e+00 4.927365075735661293e+00
5.178582392870108464e+00 5.528615879491052709e+00 4.903158756397278495e+00 3.903158756397277163e+00 4.196051975210728813e+00 3.278812564070964886e+00 4.278812564070966218e+00 4.777997984176479918e+00 4.490290832905651897e+00 4.283184051719103991e+00 5.283184051719105767e+00 5.385893396119922016e+00 6.385893396119923793e+00 6.305188077359485277e+00 5.305188077359483501e+00 5.305188077359483501e+00 6.012294858546031406e+00 5.437586135734312265e+00 4.437586135734310488e+00 4.718291484209638398e+00 5.011184703023090492e+00 5.816213749881240958e+00 5.346880736050398042e+00 4.624060473753118572e+00 3.624060473753116796e+00 4.335385339158303708e+00 3.415321415856046094e+00 4.415321415856046983e+00 4.496299048873938276e+00 4.923661127280876570e+00 4.740157708208602827e+00 5.513847606453454731e+00 5.867400997046727795e+00 6.281614559419823607e+00 6.111176983319058564e+00 5.350014806546036894e+00 4.350014806546035118e+00
5.081890653278239967e+00 4.667677090905144155e+00 4.114402317117956898e+00 4.114402317117956898e+00 3.196051975210727925e+00 4.196051975210728813e+00 3.750217084861997563e+00 4.750217084861999339e+00 5.490290832905653673e+00 4.990290832905651897e+00 4.990290832905651897e+00 5.990290832905653673e+00 6.800106958493017828e+00 6.403173873715742204e+00 5.598081296172937371e+00 4.598081296172935595e+00 5.598081296172937371e+00 5.767046274190295918e+00 5.011184703023090492e+00 4.011184703023089604e+00 5.011184703023090492e+00 4.816213749881239181e+00 4.816213749881239181e+00 4.673349616365097603e+00 4.259136053992001791e+00 3.335385339158302820e+00 4.335385339158303708e+00 4.122428197042594888e+00 5.122428197042596665e+00 5.910512611247034087e+00 5.740157708208604603e+00 6.154371270581698639e+00 6.256922872443233530e+00 5.853751437151325732e+00 5.439537874778231696e+00 4.696963420945962753e+00 4.696963420945962753e+00
4.374783872091692061e+00 3.667677090905143267e+00 4.035221558871466385e+00 3.114402317117955121e+00 4.114402317117956898e+00 4.610265537583824624e+00 4.750217084861999339e+00 4.327567354051623738e+00 5.327567354051625514e+00 5.990290832905653673e+00 5.990290832905653673e+00 6.404504395278747708e+00 6.388611651840070849e+00 5.811261382650444673e+00 4.988960311342646392e+00 4.281853530156097598e+00 5.281853530156098486e+00 5.352832711817201883e+00 4.352832711817200106e+00 3.775482442627573487e+00 4.775482442627573931e+00 4.816213749881239181e+00 3.816213749881237405e+00 4.183758217847559635e+00 3.259136053992000459e+00 4.259136053992001791e+00 4.042492120344851614e+00 5.042492120344853390e+00 5.122428197042596665e+00 6.122428197042598441e+00 6.342182534050701648e+00 5.927968971677607612e+00 5.256922872443231753e+00 5.256922872443231753e+00 4.439537874778229920e+00 4.623041293850505440e+00 3.696963420945961420e+00
4.371348240300259036e+00 3.957134677927163668e+00 3.035221558871465497e+00 4.035221558871466385e+00 3.492366790127183762e+00 4.492366790127185538e+00 5.332981785211503123e+00 5.327567354051625514e+00 5.144063934979349995e+00 6.144063934979351771e+00 6.423882493852206110e+00 6.009668931479112075e+00 5.974398089466976813e+00 4.974398089466975037e+00 4.397047820277348862e+00 4.014592288243672868e+00 5.014592288243674645e+00 5.274074809757047788e+00 4.274074809757046012e+00 3.566968028570498106e+00 4.294802501594588762e+00 4.523846848554544664e+00 4.109633286181450629e+00 3.183758217847559191e+00 4.183758217847559635e+00 3.966242835178549253e+00 4.966242835178549697e+00 5.042492120344853390e+00 6.042492120344855167e+00 6.272168529849301066e+00 5.857954967476207031e+00 4.927968971677605836e+00 5.111472390749881356e+00 4.256922872443229977e+00 4.549816091256683848e+00 3.623041293850504108e+00 4.623041293850505440e+00
3.588102760351024045e+00 2.957134677927162336e+00 3.957134677927163668e+00 4.449435121244562197e+00 4.492366790127185538e+00 3.918768222838405979e+00 4.625875004024953441e+00 5.625875004024955217e+00 6.144063934979351771e+00 6.438283934198718583e+00 5.846532224662579935e+00 5.009668931479110299e+00 5.846532224662579935e+00 5.552031974574463291e+00 4.764592288243672868e+00 3.764592288243672424e+00 4.764592288243672868e+00 5.297855277292297771e+00 4.981181590943593918e+00 4.294802501594588762e+00 3.294802501594588318e+00 4.036603611847427331e+00 3.109633286181448852e+00 4.109633286181450629e+00 3.890864999034109317e+00 4.890864999034111094e+00 4.966242835178549697e+00 5.966242835178551474e+00 6.202914193742858018e+00 5.788700631369763983e+00 4.857954967476205255e+00 5.041458386548480775e+00 4.111472390749879580e+00 4.479016858716205363e+00 3.549816091256682515e+00 4.549816091256683848e+00 5.037254856223601251e+00
2.880995979164473919e+00 3.880995979164477916e+00 3.349366948203531535e+00 4.349366948203533312e+00 5.210794106076587440e+00 4.918768222838407311e+00 4.496118492028032598e+00 5.496118492028033486e+00 6.462847798888301298e+00 5.885497529698675123e+00 5.024070371825622772e+00 4.432318662289484124e+00 5.353212680002943813e+00 5.137818412201369256e+00 4.137818412201367479e+00 3.560468143011740416e+00 4.297855277292295995e+00 4.297855277292295995e+00 4.966675251719921746e+00 3.966675251719920414e+00 3.966675251719920414e+00 3.036603611847426443e+00 4.036603611847427331e+00 3.644155770006300088e+00 4.644155770006301864e+00 4.890864999034111094e+00 5.890864999034112870e+00 6.135570690772709668e+00 5.721357128399615632e+00 4.788700631369762206e+00 4.972204050442035950e+00 4.041458386548478998e+00 4.409002854514804781e+00 3.479016858716203586e+00 4.479016858716205363e+00 3.874258933518208714e+00 4.162934068113021802e+00
3.805510843554837486e+00 4.295209541537570175e+00 4.349366948203533312e+00 3.796580543703490740e+00 4.503687324890039534e+00 5.503687324890041310e+00 5.073468761217659662e+00 5.910332054401129298e+00 6.048634236515207263e+00 5.048634236515205487e+00 4.471283967325579312e+00 4.024070371825620995e+00 4.353212680002942037e+00 5.019879346669608111e+00 4.974681705384837116e+00 4.297855277292295995e+00 3.297855277292294218e+00 4.058809555425415994e+00 4.312045975010864396e+00 3.897832412637771249e+00 2.966675251719919526e+00 3.966675251719920414e+00 4.450817174220523142e+00 4.644155770006301864e+00 4.351262551192847994e+00 5.351262551192849770e+00 5.861581176156040129e+00 5.447367613782946094e+00 4.721357128399613856e+00 4.904860547471889376e+00 3.972204050442035506e+00 4.339748518408359956e+00 3.409002854514803005e+00 4.409002854514804781e+00 4.893230421089299398e+00 4.282507223982072730e+00 5.162934068113022690e+00
3.197743113831203132e+00 4.197743113831204909e+00 5.059170271704259036e+00 4.503687324890039534e+00 4.503687324890039534e+00 5.503687324890041310e+00 6.073468761217661438e+00 6.487682323590755473e+00 6.382034746461799912e+00 5.804684477272173737e+00 5.390470914899077925e+00 4.646105898816394131e+00 3.646105898816393243e+00 4.019879346669606335e+00 4.726986127856156017e+00 4.712068839665390030e+00 4.058809555425415994e+00 3.058809555425414661e+00 3.829393821554855748e+00 2.897832412637767696e+00 3.897832412637771249e+00 3.466675251719921746e+00 4.044025520909547922e+00 5.044025520909549698e+00 5.351262551192849770e+00 5.765476113565943805e+00 5.447367613782946094e+00 4.447367613782944318e+00 4.740260832596396412e+00 3.904860547471888044e+00 4.272405015438211606e+00 3.339748518408358624e+00 4.339748518408359956e+00 4.823216416887898816e+00 5.384865569487345738e+00 5.282507223982074507e+00 4.989614005168620636e+00
4.197743113831204909e+00 3.644956709331162337e+00 4.644956709331163225e+00 5.503687324890041310e+00 5.503687324890041310e+00 5.917900887263135346e+00 6.531205760033950369e+00 6.116992197660856334e+00 5.967821184088705877e+00 4.967821184088704101e+00 4.390470914899077037e+00 3.982222624435213465e+00 3.604258151425985268e+00 3.312772565483058873e+00 4.312772565483060205e+00 4.699749643627654905e+00 4.178512928437536189e+00 3.764299366064443930e+00 2.829393821554852195e+00 3.829393821554855748e+00 4.312045975010864396e+00 4.044025520909547922e+00 4.880888814093017558e+00 5.458239083282643733e+00 5.938713140808905777e+00 5.524499578435811742e+00 5.554649596299807257e+00 4.740260832596396412e+00 3.740260832596395524e+00 4.205738348771545176e+00 3.272405015438211162e+00 4.272405015438211606e+00 3.693301909001633909e+00 3.970652007114248594e+00 4.970652007114249926e+00 5.856270090278377083e+00 5.989614005168622413e+00
4.952726525465573459e+00 4.352063490517711131e+00 4.277412241364839218e+00 4.984519022551387124e+00 5.984519022551388900e+00 6.117621684281832728e+00 5.703408121908742245e+00 5.116992197660854558e+00 5.300495616733128301e+00 5.616853272576403100e+00 5.202639710203309065e+00 4.811364932612534062e+00 3.811364932612533174e+00 3.104258151425983492e+00 3.865212429559107932e+00 3.699749643627653128e+00 3.699749643627653128e+00 2.764299366064439933e+00 3.764299366064443930e+00 3.536500602741401877e+00 4.243607383927949783e+00 5.044025520909549698e+00 5.458239083282643733e+00 5.875404247025613813e+00 5.461190684652519778e+00 4.524499578435809966e+00 4.708002997508083709e+00 4.140436033926711445e+00 4.140436033926711445e+00 3.205738348771544288e+00 4.205738348771545176e+00 4.686618577811307418e+00 4.400408690188182703e+00 4.970652007114249926e+00 4.442056527905280383e+00 5.149163309091829177e+00 6.149163309091830953e+00
4.538512963092477648e+00 5.352063490517712907e+00 5.277412241364840995e+00 5.691625803737935030e+00 5.747378196278758011e+00 5.333164633905667529e+00 4.703408121908751127e+00 5.267495583606265797e+00 4.300495616733127413e+00 5.202639710203309065e+00 4.202639710203307288e+00 4.495532929016761159e+00 4.518471713799080192e+00 3.865212429559107932e+00 2.865212429559103935e+00 3.635796695688545022e+00 2.699749643627649576e+00 3.699749643627653128e+00 3.471406147250990060e+00 4.178512928437537965e+00 4.950714165114497689e+00 5.657820946301045595e+00 5.812658666511797634e+00 5.398445104138703599e+00 4.461190684652518001e+00 4.644694103724791745e+00 3.708002997508082821e+00 4.075547465474405939e+00 3.140436033926710113e+00 4.140436033926711445e+00 3.677142869562577410e+00 4.055107342571805162e+00 5.055107342571806939e+00 5.814622252561278515e+00 5.149163309091829177e+00 5.258553108833007528e+00 6.258553108833009304e+00
4.245619744279025554e+00 5.245619744279027330e+00 6.069109598116483539e+00 5.654896035743389504e+00 5.333164633905667529e+00 4.333164633905676411e+00 4.126057852719130281e+00 4.853282021233169985e+00 3.853282021233169097e+00 4.853282021233169985e+00 4.495532929016761159e+00 3.495532929016759383e+00 3.961010445191909479e+00 3.988868474010063725e+00 3.574654911636971022e+00 2.635796695688541469e+00 3.635796695688545022e+00 3.406856424814199258e+00 4.113963206000747164e+00 4.885619709624085871e+00 5.592726490810633777e+00 5.750819425101486360e+00 5.336605862728392324e+00 4.398445104138701822e+00 4.581948523210975566e+00 3.644694103724790857e+00 4.012238571691113975e+00 3.075547465474405051e+00 4.075547465474405939e+00 4.554649596299807257e+00 4.677142869562578298e+00 5.055107342571806939e+00 4.762214123758353068e+00 5.762214123758354845e+00 6.149163309091830953e+00 6.258553108833009304e+00 6.419357492955837685e+00
5.245619744279027330e+00 5.659833306652121365e+00 5.654896035743389504e+00 4.654896035743387728e+00 4.947789254556839822e+00 4.594235863963566757e+00 3.626057852719134722e+00 4.519948687899836060e+00 3.519948687899834727e+00 4.093547255188614287e+00 4.507760817561708322e+00 3.961010445191909479e+00 2.961010445191908147e+00 3.513796849691952495e+00 2.574654911636967025e+00 3.574654911636971022e+00 3.268252227722219239e+00 3.975359008908768477e+00 4.821069987187295069e+00 5.528176768373842975e+00 5.690129712198045198e+00 5.275916149824951162e+00 4.336605862728390548e+00 4.520109281800666068e+00 3.581948523210974678e+00 3.949492991177298240e+00 3.012238571691113087e+00 4.012238571691113975e+00 3.429100856067679892e+00 3.706450954180295021e+00 4.706450954180295909e+00 5.567878112053350037e+00 5.762214123758354845e+00 6.176427686131448880e+00 6.333571055328931720e+00 5.919357492955837685e+00 5.419357492955835909e+00
6.020292413863659320e+00 5.597642683053285495e+00 5.183429120680191460e+00 4.947789254556839822e+00 3.947789254556839378e+00 3.594235863963564981e+00 3.292724519385800797e+00 3.984117819461616694e+00 4.093547255188614287e+00 3.093547255188612510e+00 3.728398883518504014e+00 3.868514000334175584e+00 3.454300437961078885e+00 2.513796849691948498e+00 3.513796849691952495e+00 3.988868474010063725e+00 4.268252227722220127e+00 4.682465790095315938e+00 5.389572571281865621e+00 5.422613937705156317e+00 5.008400375332062282e+00 4.275916149824949386e+00 4.459419568897224906e+00 3.520109281800664291e+00 3.887653749766990074e+00 2.949492991177296908e+00 3.949492991177298240e+00 4.426452134064209787e+00 4.136207637254228686e+00 4.706450954180295909e+00 4.153664549680253337e+00 4.860771330866802131e+00 5.860771330866803908e+00 6.668265555472240536e+00 5.919357492955837685e+00 4.919357492955835909e+00 4.712250711769288003e+00
