Fall2022/C:\Users\gsbir\Documents\EES_393\Export\sample_topo2_bedrock__elevation.txt
ncols 100
nrows 100
xllcorner 0.0
yllcorner 0.0
cellsize 10.0
[rows 17 to 33 of 100, columns 37 to 73 of 100]
5.023834277706455964e+02 5.024051918735927416e+02 5.024232372945750740e+02 5.024499973976962792e+02 5.024632833345676772e+02 5.024817457118973607e+02 5.025068280560897733e+02 5.025253267350650503e+02 5.025441612528828728e+02 5.025659201885317202e+02 5.025887974428640632e+02 5.026027172212305913e+02 5.026287638316223365e+02 5.026433679108934030e+02 5.026600589927252827e+02 5.026828786068090835e+02 5.027077075693437678e+02 5.027255096396328895e+02 5.027462283134553900e+02 5.027617743550284217e+02 5.027819521662426041e+02 5.028040527646084001e+02 5.028267701746010516e+02 5.028442463808340790e+02 5.028677162005531045e+02 5.028825433793860498e+02 5.029035401183456315e+02 5.029263156636653207e+02 5.029470617681768090e+02 5.029644133907432320e+02 5.029823787667445458e+02 5.030018204002466291e+02 5.030256434552115365e+02 5.030425389962977647e+02 5.030615184220793026e+02 5.030862545650579136e+02 5.031095419801010848e+02
5.023629594868205572e+02 5.023858269716931773e+02 5.024041317115609218e+02 5.024291826466358089e+02 5.024488533213864230e+02 5.024668702551308002e+02 5.024802747577396076e+02 5.025088755294046905e+02 5.025270633683412598e+02 5.025416857054105435e+02 5.025660437755885255e+02 5.025899497713034521e+02 5.026061262783346706e+02 5.026284151531954763e+02 5.026471258474188062e+02 5.026665426370904015e+02 5.026838720143031196e+02 5.027092545440472691e+02 5.027251982279735216e+02 5.027481185095725778e+02 5.027637576582919223e+02 5.027848382134870349e+02 5.028043200047707160e+02 5.028209564683671147e+02 5.028438856946441433e+02 5.028695816403956087e+02 5.028856972187656993e+02 5.029009967020814997e+02 5.029248355443932041e+02 5.029437141535153728e+02 5.029659407824375421e+02 5.029869571602324640e+02 5.030067402830131300e+02 5.030279039391184597e+02 5.030492219862339311e+02 5.030632927026587708e+02 5.030855162783436754e+02
5.023457943921216611e+02 5.023678108477933506e+02 5.023836504457829619e+02 5.024044891658576262e+02 5.024237318589862298e+02 5.024437136413330336e+02 5.024646643846113534e+02 5.024843534138852306e+02 5.025029723744548846e+02 5.025220738319824818e+02 5.025498485144603364e+02 5.025636049592528138e+02 5.025891572548363229e+02 5.026008505122439374e+02 5.026241919671433038e+02 5.026498662586855062e+02 5.026669023966985606e+02 5.026891106485630871e+02 5.027014929132646444e+02 5.027296483999878092e+02 5.027436775297156828e+02 5.027653798951754425e+02 5.027828904553526854e+02 5.028052952265321665e+02 5.028253064424005174e+02 5.028433101952181232e+02 5.028699794573444137e+02 5.028884119616947146e+02 5.029099270065369183e+02 5.029200662555549002e+02 5.029496119724401524e+02 5.029611361849915738e+02 5.029803720395578353e+02 5.030067065033553035e+02 5.030211130123674934e+02 5.030468746867827576e+02 5.030620329996702935e+02
5.023282889527167754e+02 5.023439141893684905e+02 5.023668030557113298e+02 5.023831658299131391e+02 5.024007672748329583e+02 5.024226743870272571e+02 5.024460893163675337e+02 5.024679471673616717e+02 5.024850887104116168e+02 5.025067479934111816e+02 5.025268005927177910e+02 5.025403446122344349e+02 5.025668937380056036e+02 5.025893088065793108e+02 5.026021111738623972e+02 5.026255557777135436e+02 5.026410748409064695e+02 5.026630579762706361e+02 5.026844733338531910e+02 5.027035378408736506e+02 5.027206536359008169e+02 5.027468278462829971e+02 5.027683441631767778e+02 5.027808515091401205e+02 5.028019567914997765e+02 5.028254694334002579e+02 5.028430344773298089e+02 5.028686436647101914e+02 5.028847338332422510e+02 5.029082460340376883e+02 5.029217483449659198e+02 5.029450918293984500e+02 5.029658630378616522e+02 5.029866522156527253e+02 5.030061155586872701e+02 5.030225813271614470e+02 5.030456146189445121e+02
5.023059190964841036e+02 5.023214640888053850e+02 5.023425235944794736e+02 5.023651389631976372e+02 5.023819623330868467e+02 5.024031035201412010e+02 5.024239551123293381e+02 5.024459898026490805e+02 5.024608289853296128e+02 5.024861900368419469e+02 5.025048086411677559e+02 5.025295622241168871e+02 5.025424141892074772e+02 5.025603830830612537e+02 5.025822261129756612e+02 5.026072327770739321e+02 5.026277576804952787e+02 5.026489750748916663e+02 5.026621423421004806e+02 5.026877079370931369e+02 5.027039461608059696e+02 5.027201293908441926e+02 5.027445405759980304e+02 5.027636200502219594e+02 5.027862667449442711e+02 5.028025883525128279e+02 5.028216505762786710e+02 5.028461111790358018e+02 5.028678058767885659e+02 5.028822541603232708e+02 5.029044368673356189e+02 5.029272688051729574e+02 5.029407529351792618e+02 5.029648885726266485e+02 5.029838367884819945e+02 5.030016301603909028e+02 5.030233995512519414e+02
5.022853262490314705e+02 5.023092247509983963e+02 5.023211553368628302e+02 5.023474589466016482e+02 5.023660920319920820e+02 5.023802384801330732e+02 5.024084474912190217e+02 5.024216642530347485e+02 5.024479307323710486e+02 5.024684147303440227e+02 5.024874721279659298e+02 5.025025422720522670e+02 5.025265964397992775e+02 5.025415022417835189e+02 5.025659867825714286e+02 5.025808564686046793e+02 5.026016118258350502e+02 5.026253440231582204e+02 5.026466526122126197e+02 5.026658529366380321e+02 5.026875506020300577e+02 5.027051317902051437e+02 5.027232651427149790e+02 5.027433118112685406e+02 5.027636813450068871e+02 5.027826299902175720e+02 5.028081258191731422e+02 5.028256842266030731e+02 5.028459590279667850e+02 5.028615238438114261e+02 5.028870500709647899e+02 5.029083233092229079e+02 5.029210893641281928e+02 5.029437320004131493e+02 5.029688370832133728e+02 5.029867518568653963e+02 5.030034264742793653e+02
5.022628193214153498e+02 5.022821414985861566e+02 5.023020859139016920e+02 5.023225452903522523e+02 5.023439918219436890e+02 5.023614762162990246e+02 5.023871672133133188e+02 5.024088189884126905e+02 5.024243815242842857e+02 5.024443204755122565e+02 5.024646424894659162e+02 5.024840116342866168e+02 5.025042784696638591e+02 5.025265497595571560e+02 5.025493098993243848e+02 5.025668597874180819e+02 5.025800290204512066e+02 5.026067792354216976e+02 5.026276219829212550e+02 5.026499600013833629e+02 5.026682777588181352e+02 5.026808509193090799e+02 5.027073745229948827e+02 5.027236827270301660e+02 5.027483003257431733e+02 5.027677893442771051e+02 5.027849582663546926e+02 5.028052254547211533e+02 5.028204555562350038e+02 5.028442514724832222e+02 5.028658428082720775e+02 5.028870030889333975e+02 5.029008947556397402e+02 5.029224024657791574e+02 5.029469901856807041e+02 5.029619128057142916e+02 5.029822286428985763e+02
5.022486973418354523e+02 5.022646885744832161e+02 5.022852776748413817e+02 5.023020093411249150e+02 5.023284908952129513e+02 5.023409351388536948e+02 5.023669915272941466e+02 5.023850120312798140e+02 5.024047751918515701e+02 5.024285110322286414e+02 5.024440546487556389e+02 5.024635987444272587e+02 5.024800025285473453e+02 5.025054698389591294e+02 5.025212294783364655e+02 5.025487117891066760e+02 5.025635310808768850e+02 5.025814911601464701e+02 5.026060607452550357e+02 5.026274584375174186e+02 5.026427183632498554e+02 5.026626800544350999e+02 5.026831423159209749e+02 5.027007616296759238e+02 5.027225202324223687e+02 5.027408140944232855e+02 5.027676869548286618e+02 5.027846380255176655e+02 5.028010834427616942e+02 5.028270381395390132e+02 5.028483751989101052e+02 5.028669246440622942e+02 5.028806302934974610e+02 5.029056016690529987e+02 5.029241236780852091e+02 5.029423110522686784e+02 5.029613691746760651e+02
5.022273215388279937e+02 5.022401710795327290e+02 5.022693695208687927e+02 5.022801415551019204e+02 5.023017261218073486e+02 5.023231995014440372e+02 5.023458258590214882e+02 5.023694209110275892e+02 5.023866194446036388e+02 5.024063437076449645e+02 5.024273902581381890e+02 5.024430989184561440e+02 5.024673844970266146e+02 5.024886023565559299e+02 5.025023658890939373e+02 5.025244823795020466e+02 5.025496343986447982e+02 5.025672019665857988e+02 5.025807475321677202e+02 5.026071571268242337e+02 5.026222360732623429e+02 5.026414377898272505e+02 5.026675162484366410e+02 5.026859528831251396e+02 5.027005600290935945e+02 5.027212916573352004e+02 5.027424036187148317e+02 5.027682155838906510e+02 5.027847202409911915e+02 5.028062220274839547e+02 5.028231627729635989e+02 5.028448950704992058e+02 5.028634691891666080e+02 5.028809476306093416e+02 5.029008560118037394e+02 5.029233260603861595e+02 5.029437491287325770e+02
5.022030080993081356e+02 5.022254664975297374e+02 5.022406061693892525e+02 5.022665046213209621e+02 5.022898484980925673e+02 5.023010452423250172e+02 5.023274757655728990e+02 5.023449651811761214e+02 5.023665797321263540e+02 5.023805164171809565e+02 5.024002498578577161e+02 5.024289288810676908e+02 5.024460982297754299e+02 5.024628709312665933e+02 5.024885163295502934e+02 5.025021804887208532e+02 5.025242293598892616e+02 5.025461529811556716e+02 5.025686111765955388e+02 5.025871215108682009e+02 5.026065258425867910e+02 5.026207964261767529e+02 5.026491491343317648e+02 5.026644429845611057e+02 5.026852734444558450e+02 5.027032021823191030e+02 5.027275682734067459e+02 5.027434917358378925e+02 5.027658458701122868e+02 5.027886628474644226e+02 5.028039710821744279e+02 5.028214019051728201e+02 5.028449889685682024e+02 5.028651015681673471e+02 5.028885018089609389e+02 5.029010869829419903e+02 5.029212882295670966e+02
5.021823845527984531e+02 5.022007123021055577e+02 5.022252434335748035e+02 5.022495875683129043e+02 5.022619109425079387e+02 5.022877503741272562e+02 5.023001613705820319e+02 5.023239667843130860e+02 5.023495664238679979e+02 5.023651407957256652e+02 5.023883368561882889e+02 5.024095453998614289e+02 5.024283416390502452e+02 5.024482349831802139e+02 5.024633735316541561e+02 5.024899296457085143e+02 5.025013485297238276e+02 5.025232315956400271e+02 5.025441229426682526e+02 5.025689938571766220e+02 5.025876227740612308e+02 5.026082517938007754e+02 5.026290516807690096e+02 5.026484654182217469e+02 5.026673549917091464e+02 5.026840486679038804e+02 5.027066779185379346e+02 5.027247132462206309e+02 5.027463129515478499e+02 5.027650719926286911e+02 5.027892509523987883e+02 5.028038671233371701e+02 5.028248685741499457e+02 5.028446551591584353e+02 5.028676983689952635e+02 5.028826190608870661e+02 5.029094164075498838e+02
5.021691295492777840e+02 5.021822559384614237e+02 5.022012744413171390e+02 5.022294303634203061e+02 5.022494824647640712e+02 5.022651862859236189e+02 5.022838542260055306e+02 5.023079248167608171e+02 5.023241307261155839e+02 5.023430540809607123e+02 5.023660644537673647e+02 5.023872328173100072e+02 5.024061584213034166e+02 5.024205804219278662e+02 5.024482068592354835e+02 5.024617496951493649e+02 5.024858145196593568e+02 5.025096835756013434e+02 5.025296224679761394e+02 5.025452143260731646e+02 5.025672144787388333e+02 5.025864899176291942e+02 5.026061404145153233e+02 5.026269919240275499e+02 5.026462913678670361e+02 5.026633052191191382e+02 5.026801305558233253e+02 5.027013762059901296e+02 5.027259524140100666e+02 5.027441279615973144e+02 5.027618665000989608e+02 5.027829278539028905e+02 5.028071628740386245e+02 5.028277838232733643e+02 5.028419677066703457e+02 5.028683747197683829e+02 5.028858560807812523e+02
5.021444387604833537e+02 5.021669477016206997e+02 5.021803023799120638e+02 5.022088045797393079e+02 5.022299616425359545e+02 5.022488620956839327e+02 5.022600952330265045e+02 5.022875888841662686e+02 5.023036444219033569e+02 5.023281500744433856e+02 5.023496473095575539e+02 5.023691546834893416e+02 5.023897437112451598e+02 5.024038518497818586e+02 5.024222240320769970e+02 5.024430873368691550e+02 5.024634346183220259e+02 5.024889511863203211e+02 5.025018423755324193e+02 5.025231410917847370e+02 5.025434482883397322e+02 5.025631333872460687e+02 5.025830973009561262e+02 5.026053507219315293e+02 5.026282451405753022e+02 5.026487012242278070e+02 5.026689409735851655e+02 5.026890809445206401e+02 5.027006984712931512e+02 5.027250252663565107e+02 5.027486040216986680e+02 5.027640151932466779e+02 5.027845010736619429e+02 5.028002173701352717e+02 5.028204178082504541e+02 5.028471780706420873e+02 5.028655428094583613e+02
5.021281841160349018e+02 5.021454900313047460e+02 5.021647580176772294e+02 5.021877250328174682e+02 5.022025457740509182e+02 5.022200372305920837e+02 5.022472194001281309e+02 5.022631235327719423e+02 5.022801486718886963e+02 5.023024468707427559e+02 5.023253728597244390e+02 5.023432418072908376e+02 5.023663863675234893e+02 5.023836668252938011e+02 5.024046148156717209e+02 5.024263077957086807e+02 5.024411475862191878e+02 5.024622614399416989e+02 5.024855283000052850e+02 5.025056282302033424e+02 5.025221061352151537e+02 5.025493791946072974e+02 5.025695506502504486e+02 5.025821896883239219e+02 5.026016350680773712e+02 5.026243628818291995e+02 5.026488814315204081e+02 5.026659356911237069e+02 5.026881928001423603e+02 5.027018059646774759e+02 5.027254221500971312e+02 5.027411464598743009e+02 5.027621357197445491e+02 5.027857356128201332e+02 5.028020411529059857e+02 5.028295836788146858e+02 5.028438309448254699e+02
5.021082966404250669e+02 5.021298106185622032e+02 5.021407453432544798e+02 5.021673988103884199e+02 5.021856885656664531e+02 5.022018124130698880e+02 5.022254969195470835e+02 5.022405263965827089e+02 5.022684538692682281e+02 5.022840066854872703e+02 5.023099766087829607e+02 5.023204474625385956e+02 5.023426112639313033e+02 5.023638588281985449e+02 5.023850014017211834e+02 5.024081899110108225e+02 5.024276144666447976e+02 5.024442289976600478e+02 5.024678114595521379e+02 5.024890671403378519e+02 5.025023218916619498e+02 5.025238001988444694e+02 5.025442368473524652e+02 5.025613844416462257e+02 5.025835751348906797e+02 5.026097651866381852e+02 5.026292653847563656e+02 5.026458190076955361e+02 5.026660670078584872e+02 5.026851111965474956e+02 5.027092101969414557e+02 5.027269488118171239e+02 5.027441492366993998e+02 5.027650282360768870e+02 5.027837524994013734e+02 5.028020739336087104e+02 5.028261116019801307e+02
5.020892832938131960e+02 5.021018859377575723e+02 5.021259629889325993e+02 5.021480672307945952e+02 5.021643505518499069e+02 5.021874301168994634e+02 5.022065059433811598e+02 5.022210179879968450e+02 5.022452075135568634e+02 5.022659559696080578e+02 5.022839884137088120e+02 5.023077959680078379e+02 5.023257999067670312e+02 5.023481850817334475e+02 5.023664948359983100e+02 5.023806057246176238e+02 5.024025378173470244e+02 5.024257508040006428e+02 5.024433998457250823e+02 5.024631158459128528e+02 5.024828220508846357e+02 5.025024715457367961e+02 5.025208332107320643e+02 5.025440543188067295e+02 5.025626066280764235e+02 5.025885126295680152e+02 5.026004390657776071e+02 5.026235855504613710e+02 5.026484295323815559e+02 5.026689300812591341e+02 5.026885255015482130e+02 5.027026028957914150e+02 5.027221943800959139e+02 5.027465333458379746e+02 5.027628042227360652e+02 5.027871062110671119e+02 5.028069129431210627e+02
5.020651896881586822e+02 5.020820665923254751e+02 5.021097681893216986e+02 5.021263158270813847e+02 5.021417064878029919e+02 5.021608861678470248e+02 5.021860426474724477e+02 5.022084426769204129e+02 5.022284444978170654e+02 5.022478003842272187e+02 5.022624733285649086e+02 5.022869493714904934e+02 5.023045053532523525e+02 5.023286489042918106e+02 5.023475054939137863e+02 5.023619679237989999e+02 5.023813430992389044e+02 5.024011617168830526e+02 5.024217370382036734e+02 5.024451018554834150e+02 5.024650413709749728e+02 5.024800783560563673e+02 5.025000252468468602e+02 5.025278846385622842e+02 5.025420466366881556e+02 5.025675343590702369e+02 5.025850461093380659e+02 5.026062554367653092e+02 5.026213344535678971e+02 5.026434500254418367e+02 5.026610398749939463e+02 5.026899731812651453e+02 5.027006437459051540e+02 5.027277618342302503e+02 5.027494737326418885e+02 5.027659159925520385e+02 5.027893222492033942e+02
