Fall2022/C:\Users\gsbir\Documents\EES_393\Export\sample_topo2_topographic__elevation.txt
ncols 100
nrows 100
xllcorner 0.0
yllcorner 0.0
cellsize 10.0
[rows 0 to 16 of 100, columns 37 to 73 of 100]
2.724671404242618333e+00 2.741438333299891283e+00 2.760924053947484857e+00 2.786377738949509464e+00 2.800858212910178668e+00 2.820642033696254547e+00 2.843149024378747391e+00 2.860868859449134050e+00 2.887663507492683301e+00 2.907889161060661642e+00 2.923553674280856995e+00 2.949425607707022223e+00 2.968645750770776193e+00 2.983661946453079583e+00 3.004941525300164340e+00 3.023385176448956990e+00 3.047370460784174728e+00 3.063582617719413204e+00 3.087731651248183162e+00 3.100836697514450346e+00 3.122335634369186597e+00 3.140435284317537157e+00 3.167898006806247668e+00 3.186431835225672415e+00 3.200490034716470422e+00 3.224242041079077303e+00 3.245195726735111030e+00 3.264019510817435243e+00 3.286160173371683424e+00 3.307264257999198431e+00 3.320537106618035139e+00 3.347010658290002549e+00 3.367942258575895131e+00 3.380077525029503871e+00 3.403190628287248387e+00 3.429491162368962343e+00 3.441918206893610499e+00
7.460949429408119116e+00 8.038299698597750620e+00 7.858811400221695109e+00 7.444597837848601074e+00 7.553542187056784485e+00 7.553542187056784485e+00 7.967755749429888290e+00 7.941016252242783402e+00 7.648123033429323314e+00 7.941016252242783402e+00 8.181032323003808671e+00 7.766818760630709306e+00 7.929575305754501535e+00 7.636682086941041447e+00 7.636682086941041447e+00 8.050895649314142588e+00 8.117432351973455695e+00 7.703218789600354555e+00 7.758324052444404373e+00 8.172537614817503737e+00 8.879644396004053419e+00 8.562681768141843008e+00 8.269788549328389138e+00 8.562681768141843008e+00 8.784873301641223264e+00 8.370659739268127453e+00 8.642360633600098652e+00 8.349467414786644781e+00 8.349467414786644781e+00 8.763680977159740593e+00 8.166135682639378501e+00 7.588785413449746997e+00 7.174571851076652962e+00 7.304328363073574693e+00 7.413718162814753043e+00 7.827931725187847078e+00 7.639369834303430196e+00
6.624086136224649479e+00 7.624086136224651256e+00 7.281461131032068934e+00 6.444597837848599298e+00 6.553542187056782709e+00 6.553542187056782709e+00 7.553542187056784485e+00 6.941016252242775408e+00 6.648123033429321538e+00 6.941016252242775408e+00 7.441016252242775408e+00 6.766818760630707530e+00 6.929575305754493542e+00 6.636682086941039671e+00 6.636682086941039671e+00 7.636682086941041447e+00 7.540082082783822415e+00 6.703218789600352778e+00 6.758324052444402597e+00 7.465430833630950502e+00 8.062681768141843008e+00 7.562681768141837679e+00 7.269788549328383809e+00 7.562681768141837679e+00 8.207523032451597089e+00 7.370659739268122124e+00 7.642360633600093323e+00 7.349467414786639452e+00 7.349467414786639452e+00 8.349467414786644781e+00 7.751922120266279137e+00 6.751922120266277361e+00 6.174571851076651186e+00 6.304328363073572916e+00 6.413718162814751267e+00 7.346476615489976325e+00 6.639369834303428419e+00
7.460949429408119116e+00 7.095370038704897908e+00 6.681156476331803873e+00 5.867247568658972234e+00 5.846435405870234803e+00 6.553542187056782709e+00 7.553542187056784485e+00 6.941016252242775408e+00 5.941016252242773632e+00 6.441016252242773632e+00 6.441016252242773632e+00 6.189468491441081355e+00 6.482361710254535225e+00 5.929575305754491765e+00 6.929575305754493542e+00 7.113680650072600642e+00 6.699467087699506607e+00 6.125868520410726603e+00 7.125868520410728379e+00 7.670449497865471145e+00 7.062681768141837679e+00 7.062681768141837679e+00 6.562681768141835903e+00 7.562681768141837679e+00 7.793309470078497725e+00 6.793309470078495949e+00 7.215959200888871550e+00 6.642360633600091546e+00 7.642360633600093323e+00 7.879018580258792426e+00 7.379018580258792426e+00 6.964805017885698391e+00 6.597221581887025010e+00 5.597221581887024122e+00 6.597221581887025010e+00 6.460858532325849168e+00 5.932263053116879625e+00
6.823204511728988564e+00 6.408990949355894529e+00 5.681156476331802097e+00 5.420033973159013918e+00 6.420033973159014806e+00 6.846435405870236579e+00 7.846435405870238355e+00 7.295075353889991732e+00 6.441016252242773632e+00 5.441016252242772744e+00 6.441016252242773632e+00 6.139364539969516699e+00 5.482361710254533449e+00 6.482361710254535225e+00 6.748532278402489482e+00 6.334318716029395446e+00 5.699467087699504830e+00 6.699467087699506607e+00 7.346006655603945390e+00 6.670449497865469368e+00 6.670449497865469368e+00 6.062681768141835903e+00 7.062681768141837679e+00 7.658462422859633634e+00 7.335288850952171202e+00 6.921075288579077167e+00 6.215959200888869773e+00 7.215959200888871550e+00 8.056574195973194463e+00 7.464805017885698391e+00 6.464805017885696614e+00 5.964805017885696614e+00 5.631471684552362689e+00 5.329960339974599393e+00 6.052610241861986040e+00 5.460858532325847392e+00 6.460858532325849168e+00
6.245854242539362389e+00 5.408990949355892752e+00 5.103806207142175921e+00 6.103806207142177698e+00 6.420033973159014806e+00 7.420033973159016583e+00 7.034528804495293386e+00 6.620315242122199351e+00 5.880861791516895920e+00 5.173755010330348014e+00 5.830757840045331264e+00 5.139364539969514922e+00 6.139364539969516699e+00 6.432304512385652373e+00 6.018090950012556561e+00 5.334318716029393670e+00 6.334318716029395446e+00 7.063163943129326938e+00 6.346006655603943614e+00 6.346006655603943614e+00 5.670449497865467592e+00 6.670449497865469368e+00 7.425967145371995315e+00 6.658462422859631857e+00 6.658462422859631857e+00 5.921075288579075391e+00 6.921075288579077167e+00 7.032455781816596030e+00 8.032455781816601359e+00 7.879018580258792426e+00 7.379018580258792426e+00 6.964805017885698391e+00 6.631471684552364465e+00 6.052610241861986040e+00 5.052610241861984264e+00 6.052610241861986040e+00 6.729499086928349527e+00
5.296211836316482291e+00 4.831640680166266577e+00 5.831640680166268353e+00 6.103806207142177698e+00 7.103806207142179474e+00 6.981711130657160425e+00 6.457178535305667211e+00 5.620315242122197574e+00 6.026753512182434491e+00 5.612539949809338680e+00 4.830757840045330376e+00 5.830757840045331264e+00 6.553578102342610734e+00 6.018090950012556561e+00 5.018090950012555673e+00 6.018090950012556561e+00 6.748532278402489482e+00 6.063163943129325162e+00 6.063163943129325162e+00 5.346006655603942725e+00 6.346006655603943614e+00 7.084663060238563403e+00 6.425967145371993539e+00 6.425967145371993539e+00 5.658462422859630081e+00 6.658462422859631857e+00 6.921075288579077167e+00 7.921075288579085161e+00 8.446669344189697171e+00 7.911162832094622566e+00 7.349694940013110411e+00 6.935481377640016376e+00 6.605413673086442117e+00 5.605413673086440340e+00 4.898306891899892435e+00 5.898306891899894211e+00 6.013774179977490419e+00
4.589105055129933497e+00 5.589105055129934385e+00 6.245854242539362389e+00 6.177033402728003608e+00 6.591246965101097643e+00 6.274604349470612519e+00 5.567497568284064613e+00 5.042964972932571399e+00 5.410509440898897182e+00 4.612539949809337791e+00 5.612539949809338680e+00 6.244971402418427076e+00 6.620672545070664938e+00 5.818090950012557272e+00 4.818090950012555496e+00 5.818090950012557272e+00 6.223377251502038021e+00 5.809163689128943986e+00 5.063163943129323386e+00 6.063163943129325162e+00 6.760220217977039425e+00 6.624515161338210945e+00 6.210301598965116909e+00 5.425967145371991762e+00 6.425967145371993539e+00 6.474959003787356338e+00 7.474959003787358114e+00 7.250506168644152538e+00 7.664719731017246573e+00 7.488513101284238971e+00 6.496949269721516984e+00 5.935481377640014600e+00 6.118984796712290120e+00 5.750864935744996131e+00 4.750864935744995243e+00 5.730931467502871968e+00 5.013774179977489531e+00
5.160619139390572485e+00 5.574832701763668297e+00 5.469926621541455702e+00 5.177033402728001832e+00 6.177033402728003608e+00 5.860390787097518484e+00 4.860390787097516707e+00 5.227935255063840714e+00 4.410509440898895406e+00 5.410509440898897182e+00 5.429036530737064936e+00 6.429036530737066713e+00 6.206458982697570903e+00 5.206458982697569127e+00 4.629108713507942063e+00 5.629108713507942952e+00 5.573461428733427425e+00 4.809163689128942210e+00 5.809163689128943986e+00 6.477377505502419197e+00 6.428399026200027677e+00 6.014185463826931866e+00 5.210301598965115133e+00 6.210301598965116909e+00 6.840180707745087574e+00 7.474959003787358114e+00 7.087369461827620398e+00 6.250506168644150762e+00 7.087369461827620398e+00 7.074299538911144936e+00 6.074299538911143159e+00 5.496949269721516096e+00 5.118984796712288343e+00 4.841634698599673214e+00 4.606527368447588699e+00 4.730931467502870191e+00 5.730931467502871968e+00
4.160619139390571597e+00 4.969926621541453926e+00 4.469926621541453926e+00 5.469926621541455702e+00 6.021291173159058374e+00 5.474312545777598515e+00 5.060098983404502704e+00 4.227935255063839826e+00 5.227935255063840714e+00 5.227006021826621662e+00 6.227006021826623439e+00 6.843250093110160748e+00 6.162137838738793505e+00 5.162137838738791729e+00 4.455031057552243823e+00 5.347006021904508799e+00 4.573461428733426537e+00 5.573461428733427425e+00 6.223377251502038021e+00 6.242703688022976038e+00 5.828490125649880227e+00 5.014185463826930977e+00 6.014185463826931866e+00 5.842757130998791126e+00 6.549863912185339032e+00 7.549863912185340808e+00 6.673155899454524587e+00 5.673155899454523698e+00 6.673155899454524587e+00 7.054683481612340046e+00 6.640469919239246011e+00 6.496949269721516984e+00 6.118984796712290120e+00 5.463670225590446350e+00 4.463670225590445462e+00 5.463670225590446350e+00 6.072932152675434736e+00
4.969926621541453926e+00 3.969926621541452594e+00 4.969926621541453926e+00 5.884140183914549738e+00 5.314184391972510468e+00 4.607077610785962563e+00 4.060098983404501816e+00 5.060098983404502704e+00 5.044431835991566970e+00 6.044431835991568747e+00 6.641219584199717474e+00 6.251735446810108954e+00 5.837521884437014918e+00 5.288364390885577748e+00 4.288364390885576860e+00 4.347006021904507023e+00 5.326150470301735496e+00 5.428748305510250560e+00 5.538512565499940976e+00 5.650315964374930999e+00 4.828490125649879339e+00 5.828490125649880227e+00 6.014185463826931866e+00 6.842757130998792903e+00 7.256970693371886938e+00 6.971451209471693389e+00 6.319602508861251522e+00 5.319602508861249746e+00 6.319602508861251522e+00 6.640469919239246011e+00 5.640469919239244234e+00 5.933363138052696328e+00 6.067634882151116571e+00 5.067634882151114795e+00 4.360528100964566001e+00 5.360528100964566889e+00 5.464461417830886347e+00
4.847757177185147981e+00 3.847757177185147093e+00 4.847757177185147981e+00 5.161685821639904859e+00 4.747472259266810823e+00 3.899970829599414213e+00 4.899970829599414657e+00 4.876595564332228960e+00 5.876595564332230737e+00 6.458645398364662782e+00 6.148866546835380475e+00 5.734652984462286440e+00 4.837521884437013142e+00 5.021025303509288662e+00 4.126142969754813983e+00 4.225646688775812621e+00 4.326150470301733719e+00 4.428748305510248784e+00 4.538512565499939200e+00 4.650315964374929223e+00 5.650315964374930999e+00 6.242703688022976038e+00 6.958956717747941667e+00 7.428399026200027677e+00 7.303503367682633751e+00 6.557237647098599354e+00 5.557237647098597577e+00 5.018091164283486449e+00 6.018091164283488226e+00 6.640469919239246011e+00 5.640469919239244234e+00 4.933363138052695440e+00 5.461958617261664983e+00 5.259512846509347028e+00 4.259512846509345252e+00 5.259512846509347028e+00 4.464461417830885459e+00
4.081787706844981933e+00 3.728234316251707536e+00 4.569122859416562932e+00 4.600825144245456855e+00 3.747472259266809047e+00 4.747472259266810823e+00 4.716467410527140913e+00 5.716467410527142690e+00 6.290809126705324772e+00 6.051276539540527466e+00 5.637062977167433431e+00 4.734652984462284664e+00 4.918156403534560184e+00 4.021025303509286886e+00 5.021025303509288662e+00 5.225646688775814397e+00 5.033257251488281625e+00 4.744976071527086781e+00 5.538512565499940976e+00 5.150315964374929223e+00 5.097529559874887539e+00 5.544743155374845855e+00 6.251849936561393761e+00 7.251849936561395538e+00 6.880853636872259926e+00 5.889289805309537940e+00 5.740741066170873097e+00 4.740741066170871321e+00 5.740741066170873097e+00 6.239159805324403507e+00 6.347576700425792140e+00 5.461958617261664983e+00 4.461958617261663207e+00 5.053710326797801855e+00 4.160009127488346614e+00 4.275479181326272027e+00 4.518014806362605107e+00
5.081787706844982822e+00 4.569122859416562932e+00 3.569122859416561155e+00 3.600825144245455078e+00 4.600825144245456855e+00 4.563968840194535304e+00 5.563968840194537080e+00 6.130680972900236725e+00 5.955273467393062958e+00 5.541059905019968923e+00 4.637062977167431654e+00 4.820566396239707174e+00 3.918156403534558851e+00 4.918156403534560184e+00 5.021025303509288662e+00 6.021025303509290438e+00 6.033257251488283401e+00 5.078309404860419818e+00 6.078309404860421594e+00 5.727666233564555398e+00 5.674879829064513714e+00 6.511743122247983351e+00 6.958956717747941667e+00 7.107488207225845400e+00 6.466640074499165891e+00 5.466640074499164115e+00 4.889289805309537051e+00 4.511325332300309299e+00 5.239159805324401731e+00 5.239159805324401731e+00 5.853948211874788754e+00 5.367420107644974792e+00 4.953206545271878980e+00 4.053710326797800079e+00 5.053710326797801855e+00 5.275479181326273803e+00 5.225121587549153901e+00
4.769209726241767200e+00 4.354996163868673165e+00 3.458691333341714191e+00 4.458691333341715080e+00 4.417321725173181335e+00 5.417321725173183111e+00 5.978182402567631115e+00 5.862022986569032312e+00 5.447809424195938277e+00 4.541059905019967147e+00 4.724563324092242667e+00 3.820566396239705398e+00 4.820566396239707174e+00 4.283304775204669568e+00 5.283304775204671344e+00 6.123919770288987152e+00 6.492522967233515629e+00 5.525523000360378134e+00 6.492522967233515629e+00 6.434773014751103304e+00 6.674879829064515491e+00 7.089093391437609526e+00 6.977731695228923670e+00 6.400381426039297494e+00 5.693274644852749589e+00 6.158752161027901906e+00 5.889289805309537940e+00 5.239159805324401731e+00 4.239159805324399954e+00 4.992976823365735228e+00 4.853948211874786978e+00 4.853948211874786978e+00 3.953206545271878536e+00 4.953206545271878980e+00 4.631060595987426254e+00 5.631060595987428030e+00 6.225121587549155677e+00
3.960568328541858474e+00 3.354996163868671388e+00 4.354996163868673165e+00 4.275187914269441336e+00 5.275187914269443112e+00 5.831535287546277146e+00 5.661155316078584576e+00 5.246941753705490541e+00 4.447809424195936501e+00 4.631312843268210244e+00 3.724563324092241334e+00 4.724563324092242667e+00 5.234779958612801209e+00 4.990411556391217474e+00 4.709706207915891341e+00 5.287056477105517516e+00 6.287056477105519292e+00 6.102873269550004309e+00 6.939736562733473946e+00 7.434773014751105080e+00 6.760783897701166723e+00 6.346570335328072687e+00 6.563518132855829634e+00 5.563518132855827858e+00 4.986167863666201683e+00 5.158752161027900129e+00 5.865858942214448035e+00 5.653373367697495766e+00 4.992976823365735228e+00 3.992976823365734784e+00 4.757274562970220444e+00 3.853948211874785201e+00 4.853948211874786978e+00 5.367420107644974792e+00 5.631060595987428030e+00 5.447557176915152510e+00 6.447557176915154287e+00
3.253461547355309236e+00 4.253461547355311012e+00 4.062102945055219294e+00 5.062102945055221070e+00 5.689401476642537148e+00 5.864064280758867653e+00 5.246941753705490541e+00 4.246941753705488765e+00 4.539834972518940859e+00 3.631312843268209800e+00 4.631312843268210244e+00 4.259085807917090349e+00 5.259085807917092126e+00 5.990411556391219250e+00 5.156919803415849657e+00 6.123919770288987152e+00 6.701270039478613327e+00 7.102873269550006086e+00 7.517086831923100121e+00 6.760783897701166723e+00 6.183433628511540547e+00 5.346570335328070911e+00 6.183433628511540547e+00 6.295615625288382589e+00 5.451645379841354000e+00 4.451645379841352224e+00 5.451645379841354000e+00 5.580663956995859820e+00 5.082752474401702969e+00 4.668538912028608934e+00 3.757274562970218668e+00 4.757274562970220444e+00 4.431298481064411376e+00 5.008648750254037552e+00 6.008648750254039328e+00 6.447557176915154287e+00 6.474918938536696089e+00
